Material Quantity (gm),Additive Catalyst (gm),Ash Component (gm),Water Mix (ml),Plasticizer (gm),Moderate Aggregator,Refined Aggregator,Formulation Duration (hrs),Compression Strength MPa
486.42,180.6,21.26,201.66,16.11,1151.17,708.5,344.43,79.89
133.32,260.14,185.6,175.99,6.27,1090.57,1010.25,28.86,59.8
559.97,2.84,111.76,295.23,11.95,1024.93,810.69,237.68,77.86
391.43,351.05,76.39,299.14,19.0,1134.88,881.34,208.81,71.74
394.78,352.61,194.35,235.54,17.02,1098.24,781.01,266.84,76.07
245.92,25.23,211.33,189.96,10.48,1056.28,1001.52,274.82,51.7
331.51,94.86,227.05,259.44,38.95,1115.11,708.91,41.99,68.67
537.06,245.85,20.52,296.79,16.65,1032.57,824.26,375.16,48.57
568.21,427.81,225.92,259.54,6.83,1023.44,793.66,233.78,62.12
392.0,246.86,165.39,253.75,3.56,864.96,995.81,109.27,70.05
129.34,63.66,33.53,185.94,2.49,885.38,892.64,268.95,61.96
390.26,301.82,171.89,290.3,23.59,864.45,666.55,32.74,63.1
526.44,213.43,16.6,250.43,37.45,1101.52,662.58,303.16,65.54
248.83,67.95,95.01,249.6,34.69,942.89,770.57,36.21,46.27
579.73,210.82,22.16,297.21,31.75,869.18,698.85,66.94,42.07
657.8,353.68,80.86,296.59,19.57,939.29,652.21,352.94,64.82
130.3,425.88,16.72,195.52,1.17,1086.77,654.88,339.6,59.3
257.29,289.68,160.54,232.71,5.87,826.26,1004.39,108.63,67.3
147.09,363.45,64.99,214.95,25.35,1146.74,652.18,30.67,76.92
225.37,73.67,12.53,149.71,38.78,1136.45,640.41,182.02,67.88
272.83,83.13,59.73,176.67,10.2,1033.45,981.94,287.05,73.59
631.27,393.25,242.56,228.79,17.22,828.0,947.59,253.14,35.36
299.33,294.8,138.66,202.55,32.18,939.08,804.85,208.43,73.08
442.37,230.58,0.0,201.18,14.15,968.92,775.18,43.25,79.86
615.01,246.23,183.53,168.45,1.1,942.08,631.2,188.48,74.52
615.6,297.97,175.95,234.05,3.54,931.09,734.74,149.12,34.82
235.83,428.44,34.35,220.75,29.06,1145.42,950.49,75.23,50.59
205.19,346.93,165.19,166.36,20.83,1015.13,915.25,203.33,75.96
280.6,0.0,144.33,238.51,5.61,1055.79,778.05,43.25,27.42
323.64,304.72,79.85,298.89,35.91,976.7,858.68,91.72,55.01
187.91,71.64,122.22,280.15,21.42,944.61,891.58,17.91,32.38
534.59,0.62,5.66,198.65,5.96,843.04,726.45,24.27,50.12
593.24,26.84,240.13,169.51,10.68,951.34,754.62,29.01,52.04
366.39,297.48,61.71,232.32,29.31,832.22,766.33,97.96,69.14
172.39,258.64,0.0,248.27,0.0,996.72,767.69,22.25,11.64
390.01,419.97,16.77,154.14,3.39,1064.49,833.73,81.66,46.11
644.12,351.64,142.49,213.09,4.26,929.33,678.51,362.68,36.1
409.48,21.95,239.8,168.11,36.28,1028.06,774.51,222.78,77.43
224.57,226.26,113.39,271.18,15.82,928.45,855.69,41.46,53.41
222.65,234.04,185.12,167.92,13.77,888.2,894.16,357.4,50.75
434.32,145.18,0.0,195.2,10.98,1088.21,673.85,43.25,66.08
468.48,198.43,136.5,277.62,19.6,1097.44,810.98,330.29,73.89
379.81,418.98,28.81,210.31,6.4,1173.57,703.43,153.86,70.84
301.23,360.82,48.72,213.64,17.96,1018.29,731.87,198.44,56.56
292.23,368.63,61.31,190.64,31.32,897.69,660.17,313.35,78.96
164.79,19.73,3.63,176.29,17.58,1123.61,980.8,216.48,61.15
324.32,227.3,180.24,271.0,27.45,887.63,635.91,258.4,72.65
,,,,,,,,64.73
170.68,161.77,126.03,244.37,9.03,939.49,772.72,43.25,40.81
654.77,40.88,191.46,265.05,20.36,843.69,616.52,379.43,62.07
484.34,20.98,192.76,203.74,25.38,991.79,649.23,43.25,62.33
306.71,0.0,144.33,229.97,7.08,1054.77,777.13,29.25,33.52
161.3,215.99,240.05,218.42,33.11,879.28,796.21,258.71,72.6
504.7,228.4,173.93,257.41,6.89,1006.38,659.55,75.32,71.98
359.59,203.25,20.66,250.36,12.65,1109.16,639.85,320.74,51.77
,,,,,,,,42.54
287.92,0.0,0.0,236.68,0.0,992.82,907.69,43.25,20.63
201.3,156.77,161.16,213.62,9.88,1031.59,765.74,43.25,51.96
249.7,149.44,29.36,247.91,7.62,1010.77,907.02,375.56,61.31
227.54,24.0,196.52,155.07,30.35,1066.31,919.22,175.64,43.53
372.15,143.02,227.79,237.42,6.63,973.69,649.2,29.46,29.23
610.9,85.46,205.59,195.31,37.12,939.59,935.6,80.23,75.38
544.37,269.09,179.27,175.7,10.49,916.04,731.65,274.29,70.62
283.09,222.61,43.73,299.23,29.0,826.04,973.5,92.04,68.58
461.52,295.53,98.45,296.73,26.98,1132.53,981.33,307.56,73.33
315.88,328.44,111.01,227.12,30.63,1064.88,633.08,347.14,52.96
408.2,368.52,172.82,177.22,31.89,1145.14,670.05,271.32,64.68
449.47,257.55,146.38,242.42,19.41,886.64,978.85,224.64,51.62
288.78,171.83,218.33,202.13,5.65,997.16,860.99,73.33,68.93
402.3,292.8,23.79,275.72,0.31,1080.65,798.86,224.64,52.76
287.82,34.66,109.26,293.11,25.07,1015.33,736.02,147.92,44.82
465.31,0.0,0.0,226.55,0.0,1132.92,804.41,43.25,25.19
638.25,294.19,126.45,156.05,21.57,923.68,641.95,42.19,64.4
393.16,45.11,128.89,172.95,23.99,1100.97,783.67,110.98,59.45
213.91,115.75,193.33,202.27,27.12,937.0,939.81,82.46,61.68
335.5,0.0,0.0,223.26,0.0,1115.9,828.72,22.25,15.9
271.33,0.0,117.97,230.95,5.49,991.9,892.62,71.25,32.98
597.2,121.9,207.08,279.36,22.52,836.81,815.6,306.9,62.27
656.8,323.08,143.94,259.19,14.26,961.35,685.92,153.76,67.33
278.01,430.67,193.89,215.74,38.79,1156.23,932.37,288.74,62.39
443.0,296.34,203.4,151.64,29.04,1162.5,994.64,154.65,72.45
193.74,290.6,0.0,226.55,0.0,1067.28,753.13,22.25,10.77
596.01,49.07,170.88,194.99,2.28,1051.16,974.62,242.56,70.05
222.45,403.37,155.67,234.89,16.06,1164.23,774.4,49.85,56.07
570.2,260.74,170.01,221.07,27.71,1125.46,832.69,352.07,73.98
265.23,249.5,25.39,268.78,29.64,920.26,776.17,281.5,68.71
653.05,305.93,29.1,170.69,14.57,837.52,629.57,300.04,62.0
422.97,351.75,91.64,216.69,17.91,1143.81,741.94,344.62,63.99
270.82,257.29,124.76,268.3,13.7,1074.7,613.63,352.73,60.76
546.96,156.76,140.44,271.1,13.88,910.43,678.52,372.07,59.78
181.78,287.92,0.0,214.72,15.86,868.72,915.9,43.25,36.92
282.8,0.0,148.35,212.28,8.17,1083.49,798.46,115.25,51.34
607.86,71.28,221.06,299.74,24.02,832.78,1015.74,202.26,39.9
456.28,230.82,0.0,207.52,12.32,949.85,776.1,18.25,38.53
340.51,340.84,175.48,261.04,6.81,1141.62,849.05,374.22,42.4
596.14,207.77,1.38,187.81,14.96,853.8,649.51,201.76,65.73
460.22,135.53,31.86,220.12,20.42,875.07,755.56,184.28,31.7
581.47,420.85,94.28,162.1,29.96,936.53,664.18,267.88,76.45
341.6,157.38,122.0,209.84,10.98,846.15,825.64,43.25,59.16
327.41,0.2,119.42,267.53,36.56,1078.48,841.74,132.8,29.36
632.92,98.83,212.54,231.15,19.45,822.66,640.54,125.9,63.53
368.24,103.97,45.47,300.89,37.84,1065.31,768.58,244.94,63.73
461.17,3.23,98.75,266.67,17.29,1093.26,781.74,282.61,55.02
195.2,305.0,0.0,204.96,14.64,1075.9,705.64,43.25,44.18
221.72,369.55,99.8,233.37,2.63,1083.01,773.3,164.9,52.86
284.13,183.15,158.45,157.07,2.19,1068.99,652.31,153.3,68.65
206.06,51.48,151.65,193.13,13.18,1108.51,816.62,18.25,8.29
499.44,126.38,110.9,248.31,34.61,1008.6,866.96,38.87,74.91
618.33,423.82,61.79,159.33,27.47,1156.22,921.77,150.39,72.21
647.2,370.8,79.34,236.9,9.91,848.96,614.66,264.67,62.93
267.06,0.0,151.4,193.37,13.79,1106.36,815.28,115.25,51.78
623.61,408.62,201.99,219.31,8.97,835.36,697.34,73.41,58.71
528.8,321.36,211.22,235.75,18.24,873.89,756.08,94.73,67.3
445.21,46.12,193.34,216.75,39.28,925.49,834.4,341.02,38.32
147.72,234.39,57.86,285.42,23.21,1134.34,920.17,19.49,71.69
326.13,208.05,102.93,205.25,8.8,1017.02,817.23,147.04,39.05
544.12,29.28,96.38,197.64,14.15,991.79,730.26,22.25,44.02
204.23,158.48,156.89,214.11,9.52,1032.1,765.74,29.25,35.63
580.87,43.93,113.33,208.37,38.32,852.94,845.96,31.94,69.92
282.27,373.92,27.46,256.61,0.6,1100.78,723.19,289.78,64.9
264.27,264.8,123.39,290.13,18.78,929.89,863.34,215.87,69.96
608.04,134.43,134.33,284.82,30.2,932.26,692.25,99.82,73.61
179.34,140.3,108.58,246.44,10.98,882.05,850.26,43.25,22.39
366.29,196.33,115.53,288.36,34.91,837.26,981.32,168.6,67.42
466.72,384.05,136.0,160.89,16.33,1024.54,854.77,166.16,56.8
589.73,268.28,24.08,187.69,7.68,1085.23,888.83,346.37,71.02
359.54,418.91,115.77,242.4,4.7,822.73,989.32,324.45,73.77
535.52,305.85,15.34,193.1,26.94,978.34,683.57,330.09,71.0
567.71,290.27,61.41,216.14,28.59,955.05,943.46,377.0,66.83
440.47,313.19,101.8,227.0,36.4,1166.76,682.32,35.98,53.12
378.2,0.0,0.0,234.24,0.0,1037.95,851.28,18.25,13.27
580.65,84.61,68.4,287.18,14.63,861.48,674.25,230.11,45.83
305.29,287.03,64.67,231.25,35.4,947.98,1007.5,70.36,38.1
413.43,246.29,51.08,208.69,39.02,857.52,680.02,40.32,47.52
225.18,157.03,47.0,294.81,2.25,910.82,840.0,249.07,53.28
147.66,339.62,162.92,150.67,23.98,850.79,678.37,26.91,53.41
184.37,356.14,86.57,227.0,3.37,1169.22,887.95,255.48,71.84
490.42,168.6,47.28,276.21,36.07,1142.26,952.63,362.1,62.51
250.52,435.21,238.55,227.7,30.91,1145.46,995.15,40.52,70.98
573.89,395.9,204.19,149.5,24.6,902.94,816.36,276.69,40.88
308.67,122.65,21.24,236.88,34.92,1155.86,911.39,279.11,73.06
536.6,1.03,47.88,182.08,29.2,1151.25,758.81,273.26,55.35
596.14,424.59,106.31,275.51,0.3,833.05,668.26,320.62,56.7
382.68,404.03,186.22,274.09,38.4,996.38,686.9,65.06,56.78
335.62,0.0,148.11,194.59,12.08,1080.62,797.44,18.25,26.66
191.98,132.58,239.73,254.21,12.39,968.75,986.19,30.6,56.77
644.64,303.37,207.94,154.85,12.84,918.27,801.67,323.22,57.04
378.2,0.0,0.0,234.24,0.0,994.87,871.79,375.25,42.68
589.42,80.69,108.07,216.16,8.62,850.84,981.9,353.53,66.05
356.32,200.12,232.33,269.06,4.8,915.95,782.74,340.58,65.23
529.08,54.04,160.93,156.62,22.46,826.1,985.95,361.22,63.83
139.5,27.91,233.44,192.62,24.41,1104.1,892.41,349.69,73.57
617.36,6.35,188.27,259.26,26.58,1159.38,771.07,152.23,58.38
579.44,236.8,151.41,166.89,20.92,1126.48,978.87,89.28,57.83
160.68,98.27,35.92,248.86,14.0,1010.63,740.63,291.76,54.44
476.61,422.54,139.94,268.02,23.33,966.81,833.91,325.89,59.47
366.92,303.0,63.25,195.67,30.21,1159.15,908.47,299.52,76.09
457.55,321.13,49.75,267.65,7.21,1051.54,934.9,310.29,70.42
453.61,274.81,99.39,264.11,31.44,1004.96,923.94,287.34,57.7
340.31,120.23,212.14,203.97,29.12,899.58,701.28,58.01,57.79
360.08,92.51,103.26,276.78,38.33,973.36,986.71,152.2,38.48
166.93,7.39,211.04,281.94,4.04,866.78,994.09,308.9,64.12
362.42,338.76,97.25,257.51,18.35,1105.45,863.47,315.29,73.26
214.42,113.38,237.84,212.73,5.06,964.07,657.96,211.75,68.65
566.54,104.17,191.54,194.4,38.41,1173.46,751.47,107.59,46.16
511.18,131.72,239.63,296.27,15.06,1082.81,885.14,275.75,65.01
248.27,165.55,0.0,226.55,0.0,1103.79,778.77,43.25,25.35
,,,,,,,,43.33
461.99,325.65,109.38,221.39,2.59,1051.98,1001.56,148.62,71.59
516.78,296.23,242.14,263.47,7.41,896.27,849.41,201.07,58.8
364.95,239.75,123.85,241.58,19.39,841.31,654.9,37.95,72.0
191.1,229.04,80.12,201.18,14.12,860.2,745.76,275.52,62.75
185.61,122.85,80.7,226.88,0.72,1093.5,935.34,378.11,33.72
533.81,255.66,51.61,176.95,18.74,904.65,950.14,40.98,52.04
269.38,179.58,0.0,226.55,0.0,1082.05,763.38,43.25,28.84
299.54,267.79,41.3,300.1,34.95,1075.77,760.45,311.23,51.56
509.83,128.81,243.34,189.47,10.15,1020.15,660.42,91.93,58.83
238.92,71.81,210.22,267.66,11.79,967.5,985.86,149.32,46.59
445.61,437.54,153.19,160.8,21.5,1018.85,906.3,186.88,71.71
202.64,0.0,199.23,215.33,5.49,1085.74,800.1,29.25,28.54
266.37,119.72,25.94,219.25,2.71,912.49,716.0,267.48,63.8
570.6,62.11,29.86,299.17,38.1,1025.21,674.39,123.49,49.83
245.22,186.83,34.11,172.47,29.65,956.16,948.51,318.3,44.99
259.13,216.23,100.72,244.74,14.9,1069.92,811.78,314.0,76.0
291.47,267.5,161.6,164.17,11.55,885.23,823.42,305.32,69.61
244.01,77.15,41.46,182.68,14.77,1095.05,686.01,158.49,68.77
310.98,37.37,26.1,299.69,15.28,924.05,841.92,147.29,70.06
175.69,408.08,179.02,270.33,32.71,962.01,856.64,342.9,76.65
546.75,407.96,151.53,177.11,33.55,1045.38,697.8,321.34,68.68
363.76,187.37,20.44,223.81,6.2,1168.12,949.58,252.75,60.34
300.21,418.12,105.39,156.56,26.64,917.59,888.13,330.38,73.97
360.75,0.0,116.63,209.23,10.86,979.59,881.23,115.25,58.28
528.04,362.21,153.48,258.55,11.39,911.76,846.67,256.27,64.62
500.82,216.97,168.74,193.31,17.1,1093.66,710.15,283.65,74.51
168.48,179.48,84.57,284.38,20.75,972.77,993.61,91.76,50.84
141.2,295.89,126.48,205.14,26.22,906.58,836.96,180.56,42.47
230.93,169.54,13.33,210.08,18.56,1107.0,690.25,353.78,65.66
271.31,174.03,68.4,201.92,38.76,1080.4,828.79,187.22,75.15
394.48,185.29,113.34,157.3,22.85,978.24,922.8,234.44,73.05
649.18,267.94,157.46,210.92,33.01,1083.37,639.55,79.87,61.2
174.08,245.08,112.97,284.88,20.1,997.62,835.48,260.68,70.51
277.39,199.77,163.5,243.25,21.44,971.81,713.9,113.65,48.41
269.04,316.94,203.83,297.33,34.34,1012.39,710.65,261.63,74.04
490.2,115.53,0.0,179.83,13.91,971.08,873.95,18.25,46.03
136.45,357.85,27.3,264.86,2.35,858.8,659.45,173.98,34.44
309.88,0.0,0.0,241.56,0.0,992.82,885.13,105.25,30.17
578.93,78.85,122.5,190.04,2.26,1009.47,715.01,304.86,68.14
591.68,376.49,144.81,290.38,12.68,971.91,683.85,141.82,37.21
429.04,288.82,107.55,237.37,3.78,980.76,679.01,261.22,70.97
176.58,96.52,181.55,167.81,28.79,1073.58,629.71,298.59,20.12
211.06,141.52,0.0,234.24,0.0,971.08,878.77,18.25,7.77
291.19,327.5,219.36,243.23,31.2,942.21,958.43,152.21,49.3
186.66,124.44,0.0,234.24,0.0,910.77,967.28,43.25,20.12
544.12,29.28,96.38,197.64,14.15,991.79,730.26,43.25,57.14
554.3,383.29,71.58,248.51,15.9,1097.21,908.01,232.56,9.15
437.47,299.09,143.96,176.19,37.53,1069.14,644.19,67.32,78.91
139.98,142.87,172.4,248.74,13.89,1041.35,836.93,359.48,52.19
407.7,36.13,163.23,269.84,30.93,1065.64,704.64,282.97,20.94
610.0,0.0,0.0,184.22,10.98,1059.49,671.79,43.25,78.22
349.29,245.1,0.0,176.53,13.66,1030.36,824.31,18.25,27.33
480.72,249.96,179.62,300.2,38.6,1131.45,695.48,58.43,38.74
278.86,181.87,152.24,154.49,27.21,823.96,957.58,70.77,79.32
395.06,429.63,2.97,181.96,20.28,1125.63,851.47,334.53,61.23
445.37,244.78,175.37,208.27,12.27,879.06,825.19,120.82,43.66
229.71,77.55,39.09,166.81,10.48,935.79,760.57,96.47,16.95
622.73,82.15,92.32,150.29,1.17,1094.69,1000.98,126.57,54.1
391.69,106.32,48.35,265.76,38.76,1036.66,940.39,29.92,64.01
507.01,239.7,157.76,283.85,26.71,880.48,673.18,289.86,71.47
540.19,406.45,103.18,169.91,28.86,907.27,823.63,218.07,62.48
144.16,333.79,186.63,293.98,36.73,947.99,744.74,115.17,73.49
208.85,139.71,164.51,288.54,0.86,942.5,736.19,229.75,75.93
491.95,220.37,17.75,161.35,35.16,973.17,864.92,69.82,48.59
367.67,262.73,234.0,193.44,24.42,880.23,926.51,153.33,76.75
527.64,70.26,46.41,200.15,19.75,1040.49,775.34,271.73,71.47
213.27,276.73,230.64,214.84,35.98,987.07,904.17,292.85,58.24
180.02,56.88,162.82,263.74,31.77,1132.82,913.76,62.17,74.22
271.86,395.53,14.74,237.18,19.4,965.89,932.66,202.79,52.15
307.2,0.0,121.88,178.24,15.13,1031.79,922.87,71.25,49.44
410.86,327.53,66.41,149.52,10.37,1079.68,765.29,323.86,64.47
264.74,278.1,130.38,189.05,39.27,840.91,864.74,178.54,78.06
211.04,429.67,70.62,202.04,36.69,1109.5,789.25,233.26,53.63
492.49,360.33,117.69,241.08,26.36,1075.8,693.74,379.39,73.28
323.44,5.3,213.19,194.85,20.24,1140.27,773.4,73.41,73.06
299.34,89.55,223.43,278.44,34.79,1053.32,689.14,330.84,29.9
340.38,260.56,160.03,264.0,20.99,1094.71,864.0,198.15,72.19
654.3,20.53,165.87,291.92,37.41,1011.91,802.15,317.14,57.43
655.72,22.01,149.74,185.58,2.71,1106.56,948.35,182.41,69.83
384.58,387.47,40.13,223.04,19.73,1061.96,777.36,341.1,76.41
203.29,186.18,185.23,292.32,20.71,1107.07,966.65,157.91,70.11
352.0,179.83,80.17,256.08,29.55,936.96,782.07,134.48,67.46
608.32,437.58,227.57,188.32,35.22,1009.62,993.62,151.41,57.41
378.33,302.52,184.17,269.38,17.66,1006.51,776.2,367.51,71.38
466.79,83.37,43.59,282.27,19.57,1099.86,679.87,118.68,80.5
167.74,46.12,150.14,233.62,7.94,1160.32,617.86,330.81,71.26
245.3,199.78,137.56,210.13,36.05,1106.35,918.08,248.39,68.82
316.52,432.58,43.69,284.89,34.79,917.6,1014.67,354.93,75.68
272.45,34.72,40.58,171.6,25.6,870.03,1015.87,210.75,56.33
234.07,348.04,56.44,296.17,9.04,1115.71,782.61,299.96,73.04
210.33,16.59,210.33,191.3,5.0,1032.1,878.36,71.25,40.15
301.65,227.8,111.85,154.56,14.83,885.75,963.96,81.11,73.09
434.78,240.29,175.0,179.61,12.2,1133.15,1010.45,52.54,52.79
330.78,321.79,53.5,151.26,8.53,1006.78,929.04,235.93,74.93
405.56,150.42,26.64,200.73,36.43,888.97,716.76,312.57,71.51
259.25,0.0,122.49,194.35,10.61,1033.64,926.77,29.25,29.47
558.8,251.08,70.21,182.74,9.95,939.88,807.29,222.54,76.27
413.58,0.0,0.0,225.7,0.0,1096.41,773.33,22.25,23.7
241.48,227.19,213.83,223.55,9.54,967.33,614.93,227.67,63.12
163.46,214.83,41.74,224.36,7.03,841.37,965.85,20.2,53.02
324.52,139.08,0.0,278.16,0.0,955.9,687.18,105.25,52.67
244.64,370.53,151.44,295.89,2.48,1087.25,740.24,379.6,57.75
285.01,41.22,20.04,183.69,31.48,1133.62,966.82,85.79,70.81
634.4,0.0,0.0,213.5,6.34,892.31,825.64,43.25,57.14
485.8,230.93,102.05,266.91,30.12,1047.87,649.25,234.22,61.02
550.3,371.19,122.21,240.97,39.23,957.1,992.31,364.1,43.63
473.69,2.95,127.67,220.81,10.32,1068.11,668.69,184.7,60.9
385.64,257.05,0.0,226.55,0.0,1002.05,706.97,22.25,27.37
425.78,103.75,189.46,195.46,28.12,993.46,767.03,337.66,65.04
143.44,30.59,123.15,223.24,15.19,1163.03,660.39,54.04,52.47
267.79,397.66,174.06,154.84,14.74,1161.26,832.29,348.03,33.81
227.67,220.59,17.78,176.31,16.49,896.23,613.41,169.7,64.8
378.08,174.22,135.66,204.72,26.96,937.33,667.9,43.25,42.81
658.8,0.0,0.0,197.64,3.05,1082.05,693.33,43.25,69.32
582.88,136.94,159.95,274.04,11.78,906.02,915.31,67.82,71.97
183.47,91.16,79.76,169.69,29.93,859.01,839.41,369.23,63.62
588.34,433.77,121.11,213.3,10.0,959.12,1006.08,228.17,33.84
557.26,437.46,104.76,300.28,26.65,903.82,673.59,187.81,63.43
299.83,96.57,123.22,171.77,14.83,909.84,759.89,89.17,47.86
338.83,192.18,85.91,253.67,25.15,898.66,810.36,216.8,66.81
478.84,411.82,103.53,261.4,16.59,865.99,989.04,327.33,52.56
474.0,126.25,77.2,211.71,32.26,1093.52,690.23,290.17,31.64
208.85,188.57,69.22,253.18,24.88,959.91,863.29,255.48,52.09
593.7,231.27,197.88,169.25,7.03,967.57,637.23,352.37,70.54
387.75,407.03,136.23,232.4,15.23,849.58,962.53,297.39,63.77
546.39,302.28,47.42,294.29,28.65,932.03,874.67,128.28,70.57
425.44,264.57,46.39,160.54,17.65,1085.5,753.22,319.86,65.46
307.2,0.0,121.88,178.24,15.13,1031.79,922.87,43.25,38.01
510.63,118.19,10.7,256.89,8.01,1091.1,962.62,172.1,62.76
241.5,180.08,88.48,224.73,16.44,1166.67,649.4,78.12,41.07
457.16,145.18,223.36,205.4,19.42,960.88,654.48,205.15,28.62
317.73,379.76,197.08,284.11,22.11,1060.09,638.81,341.71,79.69
589.05,80.08,234.27,240.77,28.77,1139.81,990.99,51.18,68.89
375.31,409.25,143.15,166.12,17.67,1049.09,944.31,204.9,28.91
540.84,330.68,74.04,266.61,13.55,828.39,761.71,379.23,38.91
186.9,103.13,196.67,237.98,16.24,945.43,904.28,219.98,53.82
187.12,398.81,97.36,186.73,19.97,909.27,671.59,274.37,57.56
549.76,105.12,189.53,197.39,25.5,1104.72,647.49,188.6,43.26
519.66,51.36,37.42,184.6,8.18,985.52,995.53,296.83,64.2
433.1,23.18,118.34,176.9,15.01,991.79,893.33,43.25,62.1
612.22,322.45,207.51,163.24,24.95,1115.09,886.1,340.05,55.1
558.64,34.82,25.25,155.37,29.83,1012.87,758.27,82.43,74.15
231.8,231.8,0.0,278.16,0.0,955.9,687.18,195.25,52.56
301.58,304.23,45.34,156.57,8.71,998.83,729.59,214.55,35.92
658.4,183.6,221.03,177.72,23.17,1039.07,767.12,270.16,37.1
303.9,0.0,120.54,192.88,15.62,1013.13,911.79,18.25,17.2
,,,,,,,,29.43
567.22,40.64,118.79,182.14,10.64,980.0,900.55,64.1,75.23
254.01,403.38,212.26,267.44,2.94,1042.26,693.21,86.09,70.21
517.28,26.84,161.04,204.96,10.86,843.08,769.23,22.25,45.12
196.99,115.92,202.17,267.17,9.42,1125.94,717.47,129.01,65.15
323.9,186.58,138.18,149.52,3.9,1172.71,747.02,315.84,53.51
280.23,0.0,144.2,238.14,7.44,1054.46,777.03,18.25,14.96
318.02,262.22,125.48,184.4,20.08,892.89,960.05,301.75,76.65
249.8,339.45,125.51,173.16,3.71,912.23,922.39,115.23,49.76
385.18,106.5,214.74,286.08,25.46,966.82,833.15,205.84,54.73
211.67,61.12,211.67,201.06,7.93,1032.0,813.85,29.25,36.97
149.57,224.36,0.0,248.27,0.0,982.77,820.62,43.25,27.2
317.21,349.54,211.98,265.0,23.34,1017.17,866.28,92.57,77.21
138.49,83.82,46.17,279.25,23.36,1035.37,680.9,373.01,65.53
469.66,128.24,148.28,150.58,30.06,1108.59,841.91,122.6,36.24
507.39,15.61,166.58,174.26,13.12,1028.97,627.63,59.34,53.82
230.9,13.19,142.37,293.13,18.47,1155.19,804.25,194.47,42.73
250.36,368.88,136.25,291.57,26.0,988.55,831.45,61.6,50.96
603.4,217.17,54.02,168.58,25.59,1166.24,642.29,61.19,51.73
132.67,74.91,68.21,186.93,5.9,899.58,649.25,283.46,58.48
221.58,21.8,131.94,174.73,1.98,935.56,794.71,146.5,29.4
405.23,336.6,130.05,296.3,14.2,973.53,803.59,318.18,69.87
305.04,314.62,200.86,190.86,20.63,965.02,875.77,258.61,76.88
535.52,270.02,127.61,228.05,37.33,1167.16,805.37,65.79,68.32
411.7,215.34,207.31,154.95,20.07,1002.13,771.23,313.52,75.83
488.4,99.55,217.84,177.12,9.66,998.67,872.32,138.75,68.61
175.16,242.95,209.82,273.29,0.21,966.48,677.9,379.19,70.19
,,,,,,,,70.18
342.29,258.9,145.42,267.71,10.45,1154.34,674.35,100.76,43.63
516.49,350.45,86.1,214.12,9.59,1062.07,989.88,112.27,29.66
640.5,0.0,0.0,230.58,0.0,1153.85,628.72,195.25,69.35
193.37,346.53,107.67,285.54,6.92,1025.92,876.62,125.2,74.32
156.97,308.56,56.12,153.07,15.55,934.39,847.59,155.13,47.46
475.68,230.58,0.0,178.0,26.84,968.92,775.18,106.25,92.51
598.16,380.06,141.32,243.54,4.78,891.38,654.74,181.36,77.22
437.01,301.89,155.21,152.01,2.54,934.97,855.28,290.74,51.22
346.2,359.72,160.28,178.57,13.81,831.12,783.23,89.38,55.27
158.46,383.34,40.61,192.15,10.77,1170.66,932.34,98.83,62.77
427.0,0.0,0.0,247.66,0.0,998.97,794.87,71.25,33.58
387.96,0.0,153.72,256.2,7.32,883.08,755.9,43.25,44.87
191.54,287.92,0.0,234.24,0.0,959.38,801.23,18.25,10.85
301.1,0.0,152.62,174.83,14.64,1114.67,821.44,115.25,74.39
301.39,75.56,212.71,247.67,23.17,897.59,790.9,34.02,39.39
187.11,307.41,34.28,159.48,27.63,1110.24,940.77,187.13,57.28
472.14,24.4,114.68,191.54,16.96,962.05,866.67,43.25,52.28
405.65,173.85,0.0,278.16,0.0,955.9,609.23,43.25,36.98
155.62,62.0,153.06,297.92,28.43,840.64,1007.81,28.1,47.87
352.58,0.0,0.0,234.24,0.0,936.62,918.26,105.25,35.92
201.3,156.77,161.16,213.62,9.88,1031.59,765.74,18.25,21.75
541.64,144.78,15.29,276.57,0.73,1027.53,811.56,126.45,66.52
412.13,419.28,49.61,212.88,24.46,890.1,681.48,248.85,50.78
290.75,362.98,204.27,221.49,27.58,990.02,894.17,362.16,57.4
573.0,335.45,84.11,230.66,7.08,1167.23,769.41,248.89,69.74
166.58,148.36,32.55,205.21,32.88,972.97,615.3,325.94,69.9
246.39,264.3,201.36,255.69,1.12,1065.6,1004.1,197.15,74.18
207.37,19.49,2.88,169.0,7.13,1127.87,870.66,51.31,78.09
374.54,0.0,0.0,235.46,0.0,992.82,832.82,195.25,38.63
456.28,230.82,0.0,207.52,12.32,949.85,776.1,22.25,51.74
196.02,68.81,110.61,154.62,25.69,856.59,951.02,267.47,36.88
342.82,0.0,0.0,226.92,0.0,1132.31,793.85,22.25,16.24
423.05,194.74,76.72,230.54,8.92,878.21,796.23,268.72,54.85
146.33,115.24,144.75,156.75,28.0,1126.49,803.2,247.06,53.04
423.03,379.52,201.2,277.58,17.58,1065.74,738.17,34.44,30.39
211.58,24.15,223.97,274.22,19.71,1101.07,685.83,142.63,70.41
204.01,390.74,231.46,193.6,6.99,914.16,776.04,254.04,75.6
151.22,296.34,121.39,268.02,26.53,1052.34,682.61,45.14,69.35
409.04,219.54,25.46,157.22,32.54,1074.34,684.1,295.7,60.59
407.56,128.89,144.7,266.76,27.18,890.52,703.9,102.34,50.52
133.85,360.19,8.08,159.02,21.16,1154.07,630.34,368.09,70.92
454.72,234.6,46.31,223.97,33.6,1110.14,701.83,356.11,53.06
223.4,45.2,235.17,233.57,2.8,930.27,813.89,182.64,63.13
303.55,50.28,117.25,238.86,6.74,875.23,912.52,43.05,77.89
130.5,355.02,146.69,197.28,10.32,1052.29,959.65,242.25,40.77
493.98,294.95,93.71,232.74,37.86,864.14,915.89,157.93,45.93
135.28,134.06,49.13,195.5,37.23,861.76,902.28,138.47,71.36
346.56,171.63,138.58,151.47,13.5,977.31,970.09,298.78,71.49
563.49,344.07,24.36,273.17,4.77,1020.55,989.46,370.4,78.3
464.38,313.12,176.58,156.1,30.57,1028.73,765.61,104.67,36.8
198.42,251.73,94.05,220.99,24.41,904.84,901.96,262.11,51.34
221.31,0.0,203.74,206.91,9.27,1082.67,797.74,29.25,24.19
405.65,173.85,0.0,278.16,0.0,955.9,609.23,195.25,44.55
543.0,330.94,17.51,260.37,31.5,1046.62,875.85,232.79,68.93
274.5,0.0,0.0,220.82,0.0,1141.54,854.36,22.25,12.51
503.68,52.71,109.25,228.26,30.37,867.89,786.97,209.17,79.56
566.93,88.29,218.12,244.16,27.13,1063.68,743.79,361.97,52.47
618.27,315.5,66.4,248.12,26.32,1126.42,648.63,219.23,69.46
167.17,423.96,224.96,181.78,36.91,891.13,782.02,128.24,45.63
141.52,211.06,0.0,234.24,0.0,933.13,914.77,105.25,34.74
187.88,175.68,136.64,268.4,12.2,946.67,674.87,43.25,18.48
338.63,265.16,24.47,293.05,32.6,963.77,830.05,149.41,65.94
356.91,402.07,21.04,300.24,3.75,1050.24,710.09,108.52,44.85
167.9,400.69,181.67,231.02,22.38,918.53,867.07,28.15,80.06
403.82,0.0,0.0,234.24,0.0,1051.28,842.05,105.25,42.46
260.64,71.2,137.5,219.08,37.76,1142.83,631.63,117.98,64.86
419.28,180.82,149.6,248.64,11.94,1150.79,944.45,159.29,41.29
487.43,283.58,105.98,159.14,26.82,825.66,991.27,292.04,60.63
532.44,432.73,78.01,195.44,23.37,875.74,798.16,47.1,44.4
469.0,290.74,168.59,248.78,2.38,1017.06,696.51,331.56,75.69
442.07,274.1,235.44,289.18,14.37,935.91,887.09,289.08,65.03
608.45,327.62,219.27,283.45,26.37,1081.33,919.84,82.76,61.87
402.3,419.32,119.07,230.72,35.58,836.92,844.5,366.91,52.6
389.13,343.23,188.06,151.88,6.13,979.81,657.32,84.5,49.01
189.1,224.48,174.46,236.68,10.98,902.56,716.92,43.25,32.47
229.9,292.47,20.18,184.65,15.36,1128.9,1004.81,342.54,75.78
657.3,330.82,97.42,187.66,33.96,822.26,683.77,110.61,79.48
340.96,374.29,157.08,281.1,2.45,1115.06,776.63,30.53,73.26
568.12,228.29,167.57,246.94,31.3,1002.59,967.75,103.21,78.63
164.3,287.77,191.13,156.57,21.79,973.59,948.32,182.95,73.14
442.37,230.58,0.0,201.18,14.15,968.92,775.18,22.25,62.61
527.59,125.07,227.56,207.4,1.64,892.09,966.87,92.88,55.18
484.18,372.1,66.92,225.89,24.61,975.09,1004.28,309.42,62.99
185.26,146.74,195.27,234.74,38.86,882.13,764.26,233.76,69.29
,,,,,,,,51.45
653.29,192.67,168.68,171.76,5.57,1117.6,694.75,336.53,57.88
493.23,381.68,129.19,268.23,7.77,1087.72,793.75,222.17,52.98
635.14,244.05,228.17,181.07,8.97,1158.83,759.93,362.75,32.55
441.81,234.25,216.77,157.17,30.64,971.31,841.0,354.02,53.37
,,,,,,,,72.88
528.83,112.81,236.36,262.37,37.84,958.34,697.21,314.02,47.06
495.51,388.3,239.53,185.46,27.34,1019.83,864.64,69.74,74.64
625.16,428.35,40.37,209.82,8.67,1150.37,706.24,254.96,55.86
430.8,64.0,86.6,163.53,13.63,1097.27,689.89,72.54,74.64
361.12,0.0,0.0,226.92,0.0,1117.95,788.72,43.25,28.2
132.02,105.85,34.22,289.23,10.53,1061.44,835.4,315.84,55.82
541.07,239.16,229.14,239.73,24.91,1030.26,995.1,216.1,66.67
567.38,380.39,153.35,246.83,29.24,1054.24,867.24,140.6,75.58
434.38,163.16,81.95,281.43,30.43,920.7,839.22,250.05,51.88
267.92,69.03,167.73,151.7,26.94,969.93,977.07,189.91,61.69
177.39,0.0,218.26,246.07,9.52,845.13,890.97,43.25,11.8
,,,,,,,,62.82
473.07,180.17,139.67,162.52,10.07,1092.05,992.01,52.29,71.28
301.43,31.43,177.09,300.78,38.19,848.59,818.86,261.18,74.46
273.77,269.57,138.28,244.29,10.17,1143.09,634.02,378.74,74.83
186.17,291.21,0.0,244.0,7.69,1027.49,701.44,43.25,30.08
131.71,37.9,106.61,184.34,19.18,1048.53,702.86,79.79,75.84
433.07,275.01,134.79,283.53,26.71,1053.36,887.89,132.02,51.61
648.19,0.0,0.0,173.0,34.4,873.95,916.62,18.25,46.26
232.08,370.94,46.63,168.92,24.83,1125.76,659.02,60.28,68.47
296.88,211.76,14.16,257.87,30.55,1173.29,699.34,75.23,44.8
650.3,70.82,151.84,175.39,20.81,837.83,860.13,222.72,61.56
417.24,46.36,0.0,278.16,0.0,955.9,687.18,380.25,62.88
220.49,394.01,57.22,158.25,31.64,1072.7,658.82,157.83,72.1
457.5,114.44,0.0,154.45,28.55,873.95,1018.05,106.25,70.0
244.0,162.26,0.0,234.24,0.0,990.15,826.87,22.25,19.23
625.24,305.85,190.26,245.24,15.61,937.66,863.47,145.67,72.36
422.86,279.14,30.62,181.47,10.76,1104.0,866.32,24.52,54.15
548.87,149.15,3.53,218.61,16.89,924.1,883.07,170.93,39.47
302.47,178.63,105.39,298.77,7.44,1095.57,793.38,103.05,73.12
146.64,4.27,64.9,214.75,15.54,827.34,773.13,365.7,49.68
266.81,273.69,107.99,239.36,25.32,1152.81,736.86,133.96,54.2
168.08,418.39,98.14,273.99,35.51,1007.56,743.87,100.49,60.49
469.6,14.13,236.27,293.09,24.4,904.03,915.7,218.75,82.07
332.87,128.08,200.44,156.66,9.75,853.78,723.4,281.09,70.59
354.77,30.55,100.66,240.39,6.12,913.3,648.02,216.62,63.86
570.85,331.66,162.35,237.49,16.28,852.41,910.68,100.57,58.58
592.74,251.79,171.11,226.43,0.4,1070.31,713.04,103.23,55.14
340.44,18.24,179.96,259.48,24.1,1075.42,958.75,312.58,40.91
469.7,0.0,0.0,226.92,0.0,990.77,782.56,29.25,31.27
280.41,180.98,21.91,256.78,16.39,991.17,820.18,226.93,56.2
187.58,41.1,124.62,227.03,9.28,1007.55,938.9,177.02,74.99
160.61,317.46,95.55,176.16,35.29,931.07,900.32,234.44,53.7
340.07,171.58,150.76,181.06,6.21,914.38,847.17,187.24,68.64
195.7,107.45,178.99,214.1,11.12,848.38,929.18,236.36,72.25
228.04,297.89,56.77,288.68,35.58,963.81,702.87,327.37,62.99
615.44,427.51,155.05,298.99,19.74,834.73,907.63,346.72,51.83
511.83,382.25,47.69,259.02,28.85,1150.57,934.76,295.29,65.81
624.03,152.49,18.82,220.37,0.87,1102.0,775.54,148.3,57.65
561.04,118.23,48.37,257.16,10.67,963.19,830.71,345.51,70.13
579.5,144.94,0.0,220.94,10.86,873.95,801.54,106.25,83.09
281.32,59.09,203.72,150.57,9.84,846.48,878.42,201.66,49.33
125.19,407.89,152.89,240.82,21.8,1169.48,652.84,344.59,67.9
535.58,215.94,0.0,226.92,13.54,907.59,726.05,71.25,80.3
180.03,327.31,204.34,206.22,29.21,1078.71,1001.38,305.29,77.02
362.56,120.74,109.93,228.65,3.38,872.64,725.24,245.48,48.25
282.33,145.72,159.11,193.05,19.13,1146.15,846.72,374.82,74.89
300.99,165.87,172.07,166.73,24.07,1045.08,909.56,296.61,38.66
474.09,118.46,0.0,192.64,14.76,873.95,949.44,22.25,39.09
403.82,0.0,0.0,234.24,0.0,1003.08,846.15,105.25,41.7
509.21,114.36,65.49,290.73,10.89,1121.65,700.34,239.2,76.41
250.58,382.67,175.05,255.87,38.22,1044.3,1005.17,237.05,68.97
549.6,369.81,197.38,277.55,27.97,1098.68,786.78,286.76,29.0
419.36,432.23,228.51,171.33,28.51,982.77,631.15,97.51,79.98
425.78,0.0,0.0,234.24,0.0,1083.08,829.74,135.25,45.76
493.9,77.62,156.6,219.14,3.14,852.61,693.84,171.28,72.86
252.1,192.52,94.34,257.45,8.05,832.74,959.24,175.65,69.51
231.75,186.71,142.25,213.65,26.37,895.7,864.9,132.05,74.2
484.34,0.0,0.0,225.7,0.0,1066.67,752.82,43.25,43.78
417.5,85.68,50.18,277.65,38.25,928.93,775.97,140.09,35.49
284.49,437.2,127.74,186.56,20.65,1136.85,835.03,209.69,56.3
395.77,257.6,152.05,230.82,28.22,1058.75,648.39,184.68,72.6
425.78,0.0,0.0,234.24,0.0,1073.85,826.67,18.25,16.79
406.84,9.99,173.09,240.97,20.17,903.38,725.74,73.99,73.56
287.92,0.0,0.0,235.46,0.0,992.82,907.69,380.25,28.09
,,,,,,,,54.44
260.47,0.0,212.52,188.61,14.27,1079.28,795.38,29.25,37.74
,,,,,,,,76.61
,,,,,,,,41.13
434.98,199.17,142.83,265.73,26.89,875.04,749.92,144.68,70.33
361.27,39.63,146.15,185.98,30.05,959.06,903.52,301.19,68.14
581.39,422.03,236.94,270.55,16.76,1031.89,676.69,281.79,44.4
549.32,239.6,39.38,280.03,2.13,1016.29,656.87,25.48,65.86
559.12,207.02,189.97,297.7,33.21,975.01,872.67,313.87,44.04
596.74,107.56,87.49,275.4,1.64,847.25,900.08,41.35,75.14
178.01,19.66,92.82,233.83,22.64,953.23,971.85,141.08,50.16
593.17,268.3,116.36,227.81,32.84,918.73,949.96,355.89,39.39
509.9,191.05,91.36,241.84,3.3,956.78,944.7,340.65,56.02
217.16,158.36,144.69,219.48,4.39,1033.13,765.95,43.25,43.86
527.58,332.02,96.21,231.05,14.38,867.47,732.48,275.45,69.18
170.31,255.47,0.0,234.24,0.0,1073.85,827.59,195.25,49.52
127.86,423.43,89.37,173.58,33.6,998.6,675.55,242.76,61.72
631.44,337.85,190.12,203.58,12.77,1057.06,664.45,191.55,79.75
345.89,154.46,98.63,159.78,22.2,976.06,917.88,259.44,66.59
533.09,318.97,179.43,214.61,13.53,1142.44,717.87,52.66,63.37
244.25,148.56,26.91,284.56,22.39,1154.97,959.53,58.92,54.23
403.91,383.84,179.24,178.39,28.89,885.32,822.14,36.58,55.16
327.5,266.09,241.94,296.14,13.32,1165.69,885.98,121.71,71.62
143.0,94.15,162.66,167.95,25.37,1084.31,898.66,155.74,83.44
637.38,77.58,94.53,182.93,33.65,913.09,797.82,105.95,32.8
529.86,339.51,12.95,273.44,22.14,940.04,632.27,272.95,71.78
606.91,68.77,205.51,273.49,7.96,1101.66,737.61,60.34,64.55
512.16,288.84,145.35,210.4,25.45,1016.82,906.97,84.05,61.05
400.04,274.84,227.75,253.83,9.0,1141.96,835.9,206.42,62.99
336.69,324.92,95.51,179.73,21.01,1117.91,944.11,255.89,43.46
590.32,47.5,79.07,194.4,11.31,998.63,731.83,46.76,77.51
574.84,301.09,94.41,268.34,22.29,1000.42,665.58,316.31,78.1
556.43,324.59,208.36,216.85,6.78,824.22,976.07,133.1,72.96
411.83,430.17,57.19,279.99,0.74,954.08,928.11,66.39,45.03
500.18,361.88,26.66,195.16,27.67,876.88,905.53,356.34,69.73
472.14,24.4,114.68,191.54,16.96,962.05,866.67,18.25,28.57
130.98,56.27,229.34,187.6,35.31,1034.9,870.9,80.83,72.75
626.16,420.38,187.34,178.63,21.76,1034.12,877.2,367.12,71.68
582.88,256.86,40.27,283.98,32.37,869.64,780.96,21.11,40.38
265.69,148.63,203.09,183.29,0.82,920.81,718.83,347.13,74.9
245.36,253.21,86.52,271.49,30.44,1005.36,980.72,110.38,66.16
433.91,364.5,67.7,171.35,12.53,1072.98,727.52,86.1,61.06
553.11,8.72,7.55,165.97,26.92,828.03,729.45,116.66,68.58
424.26,133.35,86.97,180.7,10.77,885.79,709.34,219.23,60.68
220.06,370.3,238.79,203.93,13.15,924.07,738.08,140.05,39.2
359.46,396.77,110.96,171.68,29.29,1084.82,897.45,227.49,64.7
178.43,166.38,140.46,196.25,34.0,969.57,954.53,221.42,62.43
242.04,101.9,6.53,300.69,27.34,1172.39,869.86,265.0,71.45
146.85,359.67,114.57,259.08,14.39,821.77,799.73,287.54,79.19
391.62,200.08,0.0,231.8,6.1,892.31,793.85,43.25,64.08
536.64,142.42,180.54,279.09,3.08,1167.61,872.75,127.91,55.61
465.04,144.21,221.86,173.52,13.23,1150.35,723.48,314.07,69.46
475.56,316.74,62.14,245.93,23.55,1053.59,666.24,20.73,24.56
576.63,367.96,169.82,294.59,18.31,1070.62,869.05,134.72,52.4
556.34,340.58,161.51,264.64,38.43,943.19,688.17,376.92,53.23
552.66,107.64,134.29,255.06,3.34,1158.88,681.28,70.48,69.88
221.12,408.14,150.88,237.02,10.95,865.47,784.53,284.95,66.44
456.03,157.42,23.4,247.48,2.04,961.37,949.33,237.96,74.76
412.24,230.58,0.0,213.38,11.59,968.92,775.18,43.25,55.89
573.92,393.55,112.48,184.8,0.19,971.67,736.64,248.2,67.64
282.5,414.67,184.29,178.46,19.1,964.62,884.47,169.75,63.68
224.33,105.7,2.86,171.32,19.29,1015.27,639.93,177.87,58.93
367.52,220.09,45.09,273.29,28.24,1072.67,768.03,216.41,63.03
241.25,275.33,25.34,246.47,35.34,826.78,730.12,326.49,27.99
640.43,378.07,10.64,149.84,6.3,928.88,979.88,367.38,71.03
189.97,29.12,49.87,156.97,12.63,1130.02,625.09,274.78,67.13
185.22,227.45,47.73,234.56,20.45,1102.73,975.89,157.61,78.86
414.34,335.47,26.12,169.48,36.27,969.14,872.62,334.04,65.98
465.91,278.77,38.74,248.69,24.72,976.07,814.14,18.01,38.56
374.75,116.68,202.44,239.45,31.59,845.25,702.48,301.23,71.54
491.92,313.89,243.78,172.89,14.66,1130.0,847.79,372.21,72.54
338.75,184.52,57.5,220.97,32.76,1046.18,680.54,368.26,58.39
485.41,47.86,196.62,247.05,13.27,1053.7,714.64,306.01,46.66
416.49,14.66,204.03,172.79,16.3,945.7,860.41,237.77,40.28
458.72,0.0,0.0,261.81,0.0,1029.23,781.95,71.25,40.66
284.2,243.16,112.38,292.11,19.49,1033.01,816.83,188.6,74.14
478.54,385.14,134.85,259.28,5.59,870.52,766.47,254.65,74.05
166.12,255.5,151.97,174.13,20.29,1055.47,995.23,192.2,76.38
311.71,207.77,0.0,226.55,0.0,1052.92,742.87,22.25,19.31
417.04,99.24,177.17,188.86,19.86,1072.43,920.25,275.52,51.16
372.66,338.76,196.0,260.72,12.7,925.05,999.35,219.54,57.19
372.47,248.27,0.0,248.27,0.0,990.15,647.18,43.25,48.59
450.76,218.05,209.96,280.46,15.82,1018.04,675.98,42.77,53.34
446.92,174.39,55.53,242.0,30.85,1013.06,963.78,27.7,33.35
305.03,423.05,127.27,204.03,17.51,1031.9,912.8,107.97,60.65
385.49,345.27,99.64,236.1,1.98,930.7,678.17,236.35,54.0
458.15,117.03,37.86,178.74,18.82,1034.51,970.46,20.43,71.55
395.01,85.66,45.15,243.8,38.18,923.97,639.52,282.28,71.06
526.65,113.16,37.48,153.13,33.55,911.03,728.1,349.01,65.17
307.81,0.0,120.54,178.49,17.32,1013.13,911.79,18.25,24.39
528.79,419.02,49.43,288.47,37.62,922.53,878.71,282.94,50.76
454.5,74.64,243.64,207.38,26.15,944.72,807.09,213.0,71.74
568.96,329.56,225.9,206.43,29.91,966.01,932.2,188.49,70.0
303.9,0.0,120.54,192.88,15.62,1013.13,911.79,29.25,32.12
328.39,202.51,112.67,276.6,23.83,841.31,670.13,89.78,55.56
287.92,191.54,0.0,234.24,0.0,997.54,768.31,43.25,36.83
429.98,362.26,214.19,287.89,14.7,1044.77,833.18,50.42,64.11
255.79,199.62,118.05,150.61,14.36,1050.37,813.23,322.34,33.62
342.37,8.48,103.08,246.83,19.71,1146.51,891.71,245.8,76.62
606.99,280.67,97.97,241.81,2.49,881.51,850.97,150.95,70.78
545.74,415.21,237.53,169.42,26.86,871.26,641.1,115.21,44.97
422.76,271.29,0.88,262.18,7.62,1098.94,769.69,357.56,74.24
565.73,298.48,17.81,202.95,21.73,1140.39,796.41,258.89,70.04
387.0,123.94,190.29,228.38,28.7,994.51,623.95,352.07,62.72
283.07,273.79,14.48,283.48,33.45,895.97,966.8,250.49,63.01
428.4,164.12,162.57,185.48,22.88,974.1,948.43,279.31,71.1
610.0,0.0,0.0,244.0,0.0,1153.85,628.72,22.25,37.2
395.66,41.98,54.5,208.88,26.55,1073.8,782.12,262.97,69.03
441.89,438.29,98.37,242.69,14.7,866.43,676.58,266.67,71.14
232.65,0.0,152.99,197.76,9.52,1117.95,824.62,18.25,16.84
594.27,227.82,60.93,189.59,19.08,947.77,776.08,200.95,38.46
381.74,195.81,0.0,216.67,11.71,940.1,778.97,43.25,58.74
518.5,129.69,0.0,187.27,20.13,873.95,909.85,71.25,72.02
251.13,398.05,136.07,156.99,17.53,861.8,1016.05,200.17,73.48
450.2,410.87,183.64,213.52,28.64,861.8,962.91,197.95,44.72
540.88,349.85,65.56,178.49,34.89,1162.2,898.0,191.87,31.68
641.19,288.73,93.83,214.96,29.66,967.5,927.1,368.28,51.26
197.04,12.26,222.88,220.42,2.75,953.91,781.58,176.36,56.97
302.88,367.29,107.65,227.69,3.18,1007.08,859.08,56.66,66.7
295.94,61.16,162.29,240.8,25.99,976.96,870.01,281.53,72.58
307.01,254.34,229.62,176.09,23.28,915.93,841.06,98.81,66.06
452.11,296.18,84.51,292.54,4.62,947.67,1011.54,323.68,72.11
549.64,193.21,186.23,252.96,33.79,921.03,902.15,60.12,67.7
514.47,399.76,85.5,200.07,28.17,939.03,934.71,200.59,44.71
397.71,375.43,33.25,291.96,7.98,1058.33,968.78,34.9,48.41
152.06,12.91,141.38,166.27,16.67,992.94,757.47,21.5,59.87
339.17,404.71,8.03,286.98,10.6,1000.76,663.85,212.5,72.54
259.03,198.0,115.9,158.3,7.03,1140.03,771.55,257.03,47.66
378.43,173.4,163.21,209.85,10.04,1118.03,837.95,283.42,48.39
579.41,46.71,154.03,193.13,8.28,840.53,834.84,39.47,69.34
407.64,419.47,30.23,266.4,20.33,829.29,659.08,296.35,66.74
446.66,28.41,35.25,200.58,20.37,1086.46,664.34,350.32,75.82
142.58,373.19,5.31,204.91,28.97,971.45,869.88,236.8,29.69
206.06,51.48,151.65,193.13,13.18,1108.51,816.62,29.25,26.33
452.82,140.53,157.34,269.89,38.78,1094.72,790.48,175.4,37.24
146.81,365.7,210.93,243.24,14.96,1015.75,925.6,218.01,39.52
297.02,259.46,224.02,232.84,13.74,952.38,703.25,332.89,78.71
160.49,113.51,124.64,190.58,31.23,933.11,908.68,310.91,77.35
345.14,34.44,181.67,287.79,8.18,1041.09,644.38,358.78,75.48
274.03,283.51,153.15,274.54,8.03,876.04,924.63,226.63,64.35
513.66,374.78,140.97,254.17,7.97,884.64,627.01,306.78,63.92
204.97,112.34,116.11,261.48,22.55,1036.46,735.55,285.2,72.51
170.28,318.11,34.21,200.45,24.0,949.1,864.7,241.52,50.57
475.73,89.32,89.61,156.51,18.25,941.4,806.24,162.96,42.68
260.2,13.75,54.06,196.31,10.95,1011.66,963.85,239.82,61.43
398.04,304.21,172.22,232.73,21.14,874.44,734.94,92.91,54.75
583.53,212.01,87.65,157.72,29.91,847.36,861.1,268.05,49.25
556.64,62.71,56.89,246.86,30.22,1172.47,826.17,87.51,72.81
408.16,232.44,44.71,237.68,7.96,918.54,609.95,126.46,74.12
363.91,433.97,139.15,254.66,32.89,929.3,992.92,69.5,37.18
375.18,358.61,199.57,287.28,26.16,1111.25,984.36,123.75,40.09
544.16,259.18,121.64,190.13,19.95,933.18,880.6,20.81,64.45
511.65,415.67,109.57,246.24,5.97,1097.15,771.98,230.29,70.34
350.81,181.42,42.98,296.18,2.32,1063.98,997.11,299.89,71.28
493.93,227.73,169.83,149.17,16.93,1040.15,924.06,134.9,61.68
447.87,169.62,20.76,184.5,6.15,856.55,998.66,270.57,49.23
226.69,424.92,106.2,178.78,5.54,1023.11,721.4,241.02,65.53
295.24,332.43,95.86,213.84,12.99,989.92,969.04,287.75,71.92
344.07,241.33,175.93,178.98,20.69,942.85,865.34,103.2,20.48
572.69,221.31,42.44,214.81,10.6,916.95,980.81,182.07,70.47
403.82,0.0,0.0,234.24,0.0,1003.08,846.15,195.25,43.68
606.44,322.28,228.61,235.59,33.06,1024.13,625.74,50.52,55.48
235.11,134.86,14.89,269.3,5.98,921.31,726.55,295.16,40.16
593.09,151.05,78.26,265.3,37.63,929.35,903.56,287.76,71.39
239.66,354.69,43.44,201.59,5.11,851.57,960.71,269.37,64.03
223.06,436.43,79.75,195.91,33.39,1082.15,909.3,284.41,76.32
205.51,215.97,187.35,191.59,5.79,1030.73,980.91,218.48,31.62
441.01,413.7,16.96,234.75,0.48,941.8,738.98,87.33,46.26
546.57,313.78,72.32,284.5,5.59,963.67,881.77,317.79,54.8
210.0,262.55,179.84,265.92,3.91,947.93,708.91,339.56,58.37
539.87,118.22,230.86,235.24,5.95,863.76,924.44,49.42,78.42
172.47,181.05,207.41,293.79,29.34,1078.31,954.25,219.96,70.09
189.83,297.07,0.0,219.97,13.05,1048.21,715.59,43.25,41.84
432.15,267.14,53.39,189.99,7.42,967.5,625.13,78.25,54.45
489.45,313.45,183.46,206.27,18.53,851.21,964.68,155.89,63.85
280.6,0.0,144.33,238.51,5.61,1055.79,778.05,71.25,35.32
257.91,112.28,226.93,276.42,23.78,1155.84,995.61,291.95,45.6
224.12,425.89,50.27,197.56,18.53,948.34,684.15,320.1,74.4
183.11,229.47,186.66,244.98,5.85,1068.36,730.51,260.2,71.8
388.72,40.62,90.68,230.32,4.63,963.32,865.68,184.35,51.08
134.46,341.51,29.49,197.85,38.74,1002.13,815.37,130.23,55.49
434.49,177.68,28.12,244.7,21.03,1059.0,912.76,344.84,38.59
404.6,317.97,185.96,234.37,36.19,958.81,703.38,44.04,40.02
165.79,51.04,207.46,159.94,29.2,829.83,668.32,283.63,63.18
461.11,315.12,58.0,215.53,10.91,877.21,954.1,367.18,68.68
577.71,50.82,75.68,238.84,38.24,974.72,852.31,311.22,80.77
437.42,237.51,146.87,228.3,8.9,982.61,863.14,223.66,70.08
616.1,0.0,73.2,237.9,0.0,1056.41,646.15,43.25,71.7
360.75,0.0,116.63,209.23,10.86,979.59,881.23,29.25,39.46
342.82,0.0,0.0,225.7,0.0,1132.31,793.85,43.25,25.13
504.72,78.13,65.66,278.18,3.92,975.09,825.89,356.7,74.35
432.53,409.65,242.83,296.31,24.65,862.2,1007.23,115.52,61.85
256.72,17.71,186.93,266.56,34.39,974.63,806.8,269.88,74.39
306.65,167.31,26.51,172.99,35.91,954.4,741.21,55.28,61.76
178.59,272.28,183.94,214.16,28.24,1129.9,677.23,246.35,46.87
529.38,389.42,44.41,193.46,28.86,996.55,653.86,374.41,68.59
403.82,0.0,0.0,234.24,0.0,1003.08,846.15,22.25,18.21
652.52,54.16,72.55,190.24,38.69,1082.23,950.39,200.1,45.66
521.95,143.54,68.79,182.45,2.72,859.76,791.94,62.9,58.71
195.98,230.51,213.74,248.21,5.53,902.87,891.29,295.15,43.22
352.58,163.48,0.0,237.9,7.32,947.69,779.49,43.25,51.79
422.5,395.09,128.29,162.42,28.45,1144.95,878.57,96.51,69.75
177.99,290.72,105.57,207.44,9.3,883.26,776.74,147.49,63.98
512.8,52.09,117.98,155.97,5.42,1159.19,733.85,211.42,52.78
221.31,0.0,203.74,206.91,9.27,1082.67,797.74,115.25,50.81
251.75,77.49,76.02,199.62,17.49,1090.42,835.44,259.04,62.65
283.98,107.93,140.95,267.92,3.64,1163.88,954.89,211.06,76.74
587.26,310.24,80.41,178.24,16.42,842.66,759.46,379.07,70.86
338.18,119.32,29.89,196.05,13.66,1088.92,802.56,29.25,53.44
359.09,344.87,60.28,245.03,20.57,908.73,915.08,333.63,63.83
326.79,244.08,174.27,266.25,2.27,911.82,924.21,275.38,42.47
229.32,436.72,65.31,232.03,25.39,886.28,964.88,374.49,47.77
282.39,305.68,51.0,250.85,32.89,938.01,853.28,58.83,60.36
168.13,414.5,220.42,214.38,3.55,1030.76,837.47,265.86,76.59
410.14,342.39,129.89,227.4,17.62,983.83,901.68,308.05,37.02
528.54,218.65,129.82,230.84,21.57,1104.58,738.38,16.89,72.15
296.87,49.67,237.94,187.92,8.45,1062.7,693.16,343.61,63.27
239.14,273.57,156.91,256.9,22.75,1058.25,908.2,159.08,70.03
557.0,11.82,216.12,226.78,17.28,941.73,750.23,288.97,43.71
409.76,424.35,66.9,234.65,38.1,828.52,938.69,363.95,69.95
215.7,163.94,134.79,285.82,18.72,979.7,699.88,216.9,54.75
472.14,24.4,114.68,191.54,16.96,962.05,866.67,22.25,51.41
523.67,137.92,128.52,286.94,2.42,1029.12,739.22,145.45,62.48
641.52,429.78,109.09,273.23,8.72,1138.96,938.0,360.01,51.2
247.46,378.02,69.97,197.58,29.18,968.75,770.82,63.87,74.62
482.91,377.69,54.39,198.19,37.62,864.23,824.43,376.94,54.27
531.76,62.49,25.22,296.01,39.22,974.32,862.33,235.04,56.22
328.03,144.94,84.26,203.42,30.06,844.22,652.43,193.01,57.09
221.92,332.82,0.0,226.55,0.0,1038.36,732.62,22.25,13.85
,,,,,,,,61.19
356.99,357.9,58.96,295.15,4.92,943.04,869.48,345.77,70.93
501.13,36.03,20.96,291.15,19.84,996.04,646.93,339.54,64.84
378.2,0.0,0.0,234.24,0.0,1037.95,851.28,43.25,31.17
292.31,438.47,0.0,226.55,0.0,965.74,681.33,22.25,28.47
234.24,351.36,0.0,234.24,0.0,953.64,734.46,105.25,56.82
453.9,272.16,135.97,205.35,4.21,868.46,775.76,114.73,66.24
205.11,68.02,139.51,180.52,29.38,1083.73,783.9,179.43,47.03
338.06,0.0,118.83,195.93,14.4,998.87,898.05,43.25,54.07
366.0,0.0,146.4,258.64,12.2,900.51,746.67,43.25,26.7
175.82,221.28,32.36,215.81,33.92,1077.21,785.03,333.99,66.99
618.73,199.43,162.08,197.8,23.57,990.19,784.07,120.47,57.65
433.0,129.97,123.85,188.66,33.14,971.82,825.48,134.42,43.95
180.76,78.98,81.51,177.97,31.06,987.33,751.68,26.75,67.3
182.39,287.92,0.0,214.48,15.37,868.51,915.59,43.25,36.92
656.77,185.69,63.0,290.39,16.69,951.25,790.33,261.47,76.96
437.98,23.18,172.02,187.88,13.3,966.15,821.54,43.25,70.49
318.0,203.64,45.48,260.3,29.05,912.2,763.76,225.53,55.06
626.59,43.79,121.05,226.54,7.12,838.4,796.39,57.82,67.31
147.63,22.29,143.38,260.11,30.68,1007.9,931.4,253.61,72.43
218.11,8.47,52.89,273.75,24.52,1029.03,716.16,100.66,71.37
201.3,0.0,175.19,199.84,0.0,1031.38,924.0,43.25,29.34
538.87,129.61,167.6,283.1,37.1,997.06,777.73,302.33,67.06
191.54,287.92,0.0,234.24,0.0,959.38,801.23,22.25,18.92
343.1,306.26,97.41,177.07,21.82,1084.77,953.33,121.56,64.76
510.28,54.85,189.64,292.71,8.53,834.84,723.23,370.53,32.56
535.58,215.94,0.0,226.92,13.54,907.59,726.05,22.25,62.83
376.15,47.85,180.41,151.4,4.31,850.79,920.94,50.52,63.73
401.66,133.98,114.25,217.5,31.21,852.72,927.69,47.32,73.3
213.65,115.51,130.14,271.56,0.23,933.4,779.91,193.23,67.89
458.72,0.0,0.0,261.81,0.0,1029.23,781.95,43.25,35.81
520.38,202.36,144.28,240.33,26.34,928.97,912.71,260.84,67.48
165.46,285.84,224.02,223.84,27.85,1009.15,671.99,346.8,59.53
534.12,118.8,198.22,204.32,35.76,1016.65,928.37,121.9,74.94
278.95,32.52,171.08,273.06,37.55,1125.47,784.73,45.98,48.87
306.71,0.0,144.33,229.97,7.81,1054.77,777.13,18.25,14.69
627.15,75.39,92.37,197.11,4.37,1002.98,784.88,104.2,57.9
156.79,286.43,93.97,291.63,4.71,1020.54,886.05,140.39,53.03
141.52,211.06,0.0,234.24,0.0,933.13,914.77,43.25,25.03
554.0,92.22,114.38,203.63,2.9,955.17,971.0,285.6,75.87
334.04,294.68,166.36,272.95,31.11,1123.13,848.24,109.85,73.05
417.85,104.85,157.65,192.44,20.74,951.49,663.96,284.77,69.54
299.06,8.07,29.56,252.22,32.59,1097.26,839.05,361.19,62.49
305.0,0.0,0.0,222.04,0.0,1128.21,841.03,43.25,23.37
459.87,269.74,115.2,294.45,28.71,953.48,672.72,360.48,47.73
328.49,29.67,243.16,233.3,26.09,1003.1,617.69,295.51,69.74
405.65,173.85,0.0,278.16,0.0,955.9,609.23,22.25,33.91
164.78,26.66,89.83,152.41,35.72,939.93,737.03,286.36,77.81
367.33,307.45,2.43,181.79,6.44,991.95,856.29,31.82,42.4
152.82,99.34,51.44,285.75,38.55,909.19,651.51,134.95,55.35
232.62,403.84,161.31,273.02,20.7,1058.32,620.11,276.29,69.11
514.99,334.74,100.95,252.17,2.09,998.29,804.19,115.06,45.92
166.67,381.35,33.67,236.7,27.91,844.43,916.14,354.42,59.25
252.43,4.2,39.07,231.42,13.94,1056.49,628.46,356.37,52.52
338.06,0.0,118.83,195.93,14.4,998.87,898.05,115.25,62.32
448.8,99.96,56.83,233.0,3.56,1054.85,874.18,355.32,60.17
314.07,223.34,206.58,248.9,24.78,930.98,713.71,288.66,70.15
595.23,424.12,20.99,159.55,26.96,1066.54,722.42,270.48,70.13
651.73,233.61,34.02,221.54,18.79,1143.69,989.96,274.38,61.51
430.94,326.04,93.62,287.38,11.92,1130.89,987.23,352.22,58.14
249.93,420.9,238.33,197.15,8.8,858.64,645.3,45.44,76.31
148.42,56.07,0.43,162.49,20.86,826.81,971.14,158.89,63.49
596.27,108.61,8.96,217.89,17.13,1115.94,841.19,191.85,65.51
658.08,188.96,218.83,284.36,8.07,832.79,1013.51,199.62,36.94
513.23,236.35,233.22,218.2,25.69,1061.32,650.64,308.65,53.33
561.59,177.32,96.68,166.99,15.5,991.12,843.08,211.15,38.8
437.98,23.18,172.02,187.88,13.3,966.15,821.54,71.25,77.0
259.25,270.24,197.72,195.59,17.56,1034.59,918.85,73.7,47.52
629.85,327.69,71.95,150.55,37.06,1136.62,777.15,155.91,56.29
365.94,355.85,55.25,190.16,11.22,1072.06,938.89,77.73,49.0
466.04,0.0,0.0,226.92,0.0,1139.49,804.1,22.25,12.85
595.6,61.57,134.53,212.02,17.26,1083.15,702.04,283.43,55.7
321.81,21.99,161.72,278.85,29.03,1064.37,880.1,21.97,35.86
504.53,436.43,188.91,155.35,7.45,1027.74,632.18,313.36,62.88
381.27,406.33,128.16,230.99,0.91,1069.95,899.63,171.07,76.1
584.07,81.81,40.73,183.98,8.19,1069.86,859.18,91.95,77.95
275.16,283.99,207.74,154.73,7.19,858.16,903.14,299.5,70.93
285.57,412.6,66.25,159.74,22.95,987.14,734.51,45.23,57.81
486.46,64.67,39.47,162.95,34.31,914.98,912.93,22.16,53.67
188.6,146.15,121.61,251.25,10.7,1067.73,800.57,327.37,69.49
378.2,174.22,0.0,204.84,12.2,937.74,824.62,43.25,50.74
478.89,17.52,100.72,274.89,0.86,1042.82,759.98,270.69,57.17
194.03,416.01,69.05,255.32,36.69,877.03,725.25,289.13,70.81
335.74,316.79,133.07,217.09,14.18,1082.99,831.91,125.37,75.72
359.9,0.0,0.0,225.7,0.0,1096.41,788.72,22.25,16.58
457.5,0.0,0.0,226.92,0.0,1064.62,777.44,22.25,29.19
313.68,19.46,53.92,274.51,18.63,944.08,665.05,114.52,72.38
460.64,402.26,216.58,179.64,11.61,838.15,895.39,143.06,47.95
587.74,308.58,177.39,264.41,18.87,1158.99,976.7,199.96,73.18
225.42,112.79,31.24,194.3,30.26,870.14,626.92,325.05,77.55
380.32,422.85,179.16,208.79,18.24,926.17,670.72,262.36,71.02
171.42,357.64,86.75,265.48,35.07,898.32,871.26,318.73,64.11
512.48,236.66,32.98,166.49,7.92,916.32,719.15,88.38,51.91
566.02,127.76,206.51,164.69,13.88,1140.47,1008.89,358.7,38.35
361.12,0.0,0.0,234.24,0.0,1112.82,784.62,22.25,15.9
494.1,0.0,0.0,213.5,0.0,1148.72,712.82,43.25,58.58
510.13,167.01,230.15,262.65,18.71,997.25,720.23,255.36,53.24
240.19,56.42,112.23,256.18,22.37,924.37,865.67,228.75,75.89
646.46,145.74,217.17,181.82,6.28,1101.65,827.74,364.07,74.11
580.71,388.35,207.73,241.69,6.15,974.97,741.57,333.27,70.93
414.88,333.16,134.12,300.03,4.94,1092.24,763.8,162.02,17.93
184.86,316.17,32.31,154.49,15.9,1044.4,855.23,206.9,50.32
463.19,238.14,154.27,205.19,34.41,831.93,866.52,228.75,76.17
316.05,109.54,226.79,175.59,35.7,1074.75,800.68,343.77,45.47
579.5,144.94,0.0,220.94,10.86,873.95,801.54,18.25,42.34
478.65,16.0,27.7,208.73,34.26,1115.69,896.47,131.99,64.01
378.2,0.0,0.0,234.24,0.0,994.87,871.79,195.25,41.81
319.4,236.63,187.0,245.88,26.66,1004.54,988.07,144.74,65.76
600.99,241.86,135.13,160.13,11.06,1091.15,685.84,179.88,60.68
306.71,0.0,144.33,235.34,7.08,1070.36,773.64,115.25,44.97
650.12,407.87,14.07,207.01,29.3,1029.22,801.86,71.5,73.76
483.11,122.59,234.95,300.37,14.57,1009.22,823.12,138.42,68.24
204.87,37.61,12.84,164.68,8.57,887.07,803.71,225.18,80.73
175.9,257.49,63.99,257.48,35.14,1139.84,936.25,371.26,49.29
487.17,212.49,200.03,151.81,31.99,1128.99,883.9,194.22,36.63
,,,,,,,,52.18
303.84,389.46,138.36,291.84,7.08,1074.89,629.04,213.26,73.15
333.1,330.81,192.17,169.01,18.29,1150.04,685.73,100.55,72.72
599.53,67.74,149.51,222.27,34.77,952.77,668.15,274.96,72.64
318.17,266.82,162.79,226.61,25.12,974.7,613.59,85.71,61.11
349.44,416.2,44.9,231.72,25.15,974.11,695.27,167.68,54.05
596.62,123.65,40.03,220.35,6.23,1015.31,730.19,176.55,41.45
486.97,276.3,166.87,173.42,29.59,1039.42,809.53,229.93,48.69
259.25,0.0,122.49,194.35,10.61,1033.64,926.77,43.25,35.44
427.78,53.54,102.51,176.76,31.92,1065.64,1012.66,320.57,58.47
628.96,325.32,225.93,183.4,26.44,1082.98,637.03,241.63,29.99
476.69,287.71,70.68,272.49,10.65,1170.44,668.95,140.54,63.08
481.1,250.51,143.77,266.36,16.66,888.21,1009.69,104.9,70.15
567.22,352.4,43.52,267.9,33.48,844.45,1008.17,259.29,42.25
367.73,226.51,156.5,163.29,18.89,989.01,639.15,172.09,63.26
269.56,64.32,54.98,168.84,12.94,1038.62,745.67,111.58,72.76
243.9,33.57,55.25,247.77,25.01,963.15,782.33,274.81,74.74
287.0,283.03,35.9,188.2,19.28,894.17,663.09,103.42,71.51
502.3,338.23,38.33,233.24,29.06,1173.47,942.55,283.67,70.08
360.89,36.13,95.47,239.05,26.8,928.66,681.59,378.83,66.48
296.98,177.24,200.16,249.74,32.85,988.31,652.55,253.53,68.33
292.28,190.51,31.26,179.73,22.37,906.78,866.24,208.63,59.37
361.12,0.0,0.0,234.24,0.0,1112.82,784.62,105.25,32.92
422.14,382.23,161.09,244.29,34.23,878.78,683.43,170.52,65.17
251.01,87.67,2.05,286.13,25.06,945.94,941.14,142.34,35.27
229.84,12.07,169.51,262.88,3.12,987.08,826.47,133.9,56.55
,,,,,,,,60.15
540.92,276.3,69.98,202.15,29.13,1070.99,728.97,126.45,77.66
305.0,0.0,116.75,228.63,6.71,981.44,883.28,43.25,32.73
132.13,198.13,0.0,248.27,0.0,962.26,870.77,22.25,8.65
237.09,297.37,171.39,243.63,4.57,984.03,896.97,121.14,56.68
310.11,319.98,167.41,271.62,31.33,1167.49,853.86,287.32,70.13
549.57,339.87,25.81,294.7,35.15,886.24,937.58,67.02,81.38
170.16,80.63,212.67,212.24,20.35,1021.4,610.92,63.13,46.77
271.9,270.99,19.16,206.26,23.12,881.63,626.5,262.07,79.82
389.36,175.44,198.59,205.35,8.82,1107.19,793.26,151.21,64.85
611.57,429.5,100.0,272.16,11.27,826.75,719.69,93.39,69.6
290.34,437.93,208.88,277.66,26.12,1166.97,727.86,161.61,77.66
148.78,300.67,79.41,259.77,30.12,855.7,923.03,251.69,63.8
,,,,,,,,68.31
218.03,91.35,103.5,150.24,28.8,1038.75,884.22,115.32,67.44
472.5,276.11,106.75,202.91,28.12,964.83,733.71,41.12,73.7
363.32,89.68,58.48,159.49,18.81,1071.75,658.94,158.25,70.9
,,,,,,,,58.43
475.51,0.25,134.76,221.79,37.35,1087.54,874.01,265.57,57.66
573.0,206.85,223.34,235.29,33.57,960.53,900.45,23.36,49.6
377.81,382.22,23.33,231.18,8.85,1115.23,905.86,337.79,67.48
249.06,154.86,109.66,283.92,16.98,1084.45,806.15,99.49,64.42
517.78,293.67,30.34,258.41,24.57,858.57,661.58,345.12,49.73
266.2,66.61,151.04,171.78,14.52,1103.28,813.03,115.25,71.15
407.75,30.76,86.72,275.68,33.82,1072.37,874.75,143.71,29.02
466.13,29.95,93.78,287.09,34.37,1164.95,915.49,201.45,37.44
419.8,123.06,195.56,165.84,3.79,1032.42,886.6,340.44,75.49
549.12,61.0,0.0,244.0,3.66,1153.23,628.92,43.25,44.11
264.17,9.68,238.16,280.74,21.44,1110.62,614.93,97.18,52.04
581.56,277.19,76.46,189.78,11.08,1122.99,961.94,101.52,74.22
390.72,141.1,99.41,240.77,36.51,934.91,932.14,374.85,46.79
322.74,57.87,94.56,258.57,28.65,843.84,889.94,266.36,63.99
306.71,0.0,144.33,229.97,7.08,1054.77,777.13,115.25,48.81
488.97,397.25,24.31,196.29,10.19,1142.52,855.46,75.84,53.95
381.07,264.17,241.69,220.53,8.98,1131.06,892.48,343.97,40.37
558.12,223.24,23.16,252.28,24.38,978.4,848.32,325.47,34.94
534.29,297.44,236.79,185.86,12.65,849.17,869.71,216.05,5.66
232.65,0.0,152.99,197.76,9.52,1117.95,824.62,71.25,39.58
537.0,349.17,134.82,270.45,5.0,1119.79,775.64,321.82,76.84
135.61,133.25,182.73,192.76,5.22,975.78,717.44,146.29,76.56
177.75,210.57,0.0,221.92,4.15,1011.08,837.74,43.25,26.59
625.02,230.92,61.43,176.35,15.47,967.42,904.08,237.87,48.28
649.03,9.46,235.58,279.02,33.13,1157.22,899.85,253.85,57.03
612.44,72.05,97.57,278.08,37.98,1146.29,686.53,74.02,62.15
440.21,11.12,88.24,273.75,13.47,965.99,750.14,195.27,67.84
578.68,240.92,106.34,287.66,23.44,967.34,771.54,108.38,47.88
574.94,358.23,242.3,283.22,3.73,852.3,675.65,295.38,52.9
210.48,304.51,72.75,296.47,31.98,988.77,648.21,165.93,53.85
261.54,83.18,158.65,217.89,8.3,1088.11,623.21,295.55,43.8
599.02,31.72,150.06,256.2,4.76,904.62,716.92,43.25,62.22
278.16,417.36,0.0,226.55,0.0,980.31,691.59,43.25,44.46
267.06,0.0,151.4,193.37,13.79,1106.36,815.28,29.25,29.18
570.24,98.61,185.98,224.67,4.67,822.15,776.14,35.39,74.77
252.52,97.55,226.87,151.62,25.06,1031.68,653.33,90.98,50.84
260.47,0.0,212.52,188.61,14.27,1079.28,795.38,18.25,19.45
365.24,207.82,165.52,284.41,32.24,1064.9,813.22,290.01,73.96
156.07,138.78,116.55,167.38,38.72,848.19,875.86,71.64,55.32
283.84,235.54,179.79,229.43,34.81,938.81,760.3,108.18,75.44
567.03,0.99,196.3,191.48,32.05,1156.05,889.82,200.67,41.66
591.07,157.86,204.52,199.19,31.4,1157.88,740.89,379.91,63.74
496.33,169.29,10.05,165.4,33.09,880.05,778.79,34.18,38.9
441.28,73.68,68.12,157.8,28.53,861.2,704.99,131.85,72.77
159.27,366.86,113.39,228.32,22.39,991.31,807.2,91.26,14.8
462.99,184.46,0.0,187.76,19.4,1163.38,620.51,22.25,52.75
203.39,40.67,9.27,299.37,32.51,865.77,994.63,135.2,42.47
,,,,,,,,76.29
366.0,0.0,0.0,224.48,0.0,1102.56,815.38,43.25,30.07
140.1,311.88,228.03,290.79,35.06,988.82,917.45,163.33,55.0
124.89,289.37,37.54,296.47,1.12,986.24,870.43,321.78,74.26
355.7,20.84,40.42,213.99,27.39,906.9,905.42,178.65,53.56
380.89,268.76,64.06,267.76,34.27,849.43,905.78,27.61,36.19
518.15,335.51,40.82,280.0,32.81,948.33,939.76,54.59,51.45
540.15,68.96,31.9,258.14,26.42,1168.37,959.66,271.39,51.45
519.75,88.12,110.3,229.09,24.7,1055.05,866.46,349.34,71.45
554.47,130.01,54.89,152.94,35.31,873.76,709.43,341.65,66.9
404.74,388.83,241.64,183.74,10.99,1059.63,611.65,66.19,63.7
479.17,92.25,49.56,157.11,11.15,1091.4,744.06,255.43,70.45
357.63,227.39,148.48,175.92,17.15,976.5,686.31,172.16,78.66
341.57,62.79,219.58,156.72,9.17,980.24,784.67,292.95,52.05
436.19,438.27,101.0,209.03,27.95,1155.28,935.62,339.41,38.48
200.32,0.0,244.12,221.06,15.37,871.08,867.69,43.25,16.9
524.37,396.18,42.89,228.73,17.1,1136.42,781.72,161.09,74.13
361.77,200.9,211.61,291.47,17.27,865.75,911.54,284.89,56.78
239.24,96.11,224.11,258.36,26.29,863.09,619.5,290.71,76.82
368.52,9.26,146.02,289.8,14.91,1072.03,934.03,185.81,48.87
382.84,0.0,137.37,207.28,12.32,949.03,802.97,43.25,43.08
205.75,32.38,196.9,277.44,6.79,1162.52,613.8,266.68,81.43
465.55,169.5,233.75,192.79,30.91,1114.13,816.09,39.01,56.8
416.36,75.09,157.7,264.6,21.97,921.36,675.51,207.36,53.09
545.87,116.02,221.55,275.05,32.14,1060.71,908.91,158.89,48.42
388.14,1.62,163.91,289.85,33.16,1001.91,719.25,128.85,44.82
481.66,351.07,187.61,179.26,6.6,1125.7,804.41,292.09,57.14
293.37,332.18,211.17,275.75,35.99,1087.67,1003.59,355.14,37.15
285.24,0.0,115.41,241.44,5.61,971.28,874.05,115.25,38.71
640.76,339.6,69.03,172.44,1.59,930.35,881.11,153.66,72.66
202.07,353.21,57.71,277.79,6.03,854.89,620.68,268.14,63.56
231.76,331.3,74.78,242.61,15.65,946.11,842.5,145.24,70.08
231.8,231.8,0.0,278.16,0.0,955.9,687.18,380.25,60.13
232.17,0.0,152.74,203.25,12.08,1106.67,819.38,71.25,35.53
328.15,407.51,55.94,189.41,21.02,908.41,878.05,229.44,61.72
137.77,289.85,169.39,190.37,34.5,998.25,641.65,190.06,64.26
220.99,20.99,154.49,208.56,16.94,918.42,869.53,156.8,54.64
176.63,414.01,243.07,261.94,29.31,1010.16,925.51,259.16,71.66
531.81,75.98,40.21,239.34,35.25,970.83,860.87,21.19,60.62
538.7,409.35,40.64,188.27,0.28,1030.85,663.33,238.7,49.84
629.84,83.9,218.51,190.6,20.71,1000.34,932.58,260.21,59.88
514.13,407.95,70.05,233.89,12.29,1084.19,965.62,88.29,33.65
174.46,206.18,174.46,233.02,9.76,991.79,659.49,43.25,33.29
393.8,370.4,243.66,279.46,33.0,1125.9,942.09,313.5,44.16
583.18,135.87,194.41,244.74,20.7,963.44,997.53,151.75,41.27
514.51,299.76,234.63,167.48,26.24,1007.1,1008.85,31.68,62.39
305.14,89.19,131.11,185.21,4.73,833.31,825.0,119.46,65.09
162.39,144.93,117.11,160.6,18.47,1126.53,762.84,290.71,56.46
526.0,388.08,44.84,291.49,29.86,866.65,927.86,90.09,66.07
520.43,361.87,47.21,218.7,21.94,1107.18,1003.81,137.35,48.8
349.49,276.4,174.38,171.69,31.43,1003.31,911.51,361.86,71.1
363.22,284.67,206.44,209.47,24.64,1133.18,894.84,339.8,76.88
303.9,0.0,120.54,192.88,15.62,1013.13,911.79,115.25,57.19
248.27,372.47,0.0,248.27,0.0,988.1,646.15,43.25,46.68
489.07,188.21,159.59,182.89,20.68,1033.55,655.8,33.05,63.84
336.49,35.22,130.79,234.83,34.24,1151.91,817.48,241.67,77.69
603.71,90.86,166.75,210.77,12.77,915.7,946.04,139.84,64.72
477.67,42.26,156.66,276.55,4.99,1111.34,715.55,28.78,63.18
441.79,338.52,108.06,243.21,13.51,1117.77,945.1,192.5,72.43
252.08,195.66,207.42,219.64,33.94,890.08,890.18,328.27,71.92
541.6,53.44,210.71,259.07,7.81,901.54,637.79,337.97,48.82
589.55,387.3,10.79,247.93,36.82,938.89,610.34,159.31,63.6
418.45,258.61,156.65,256.06,3.2,1151.98,829.02,137.54,77.59
544.02,178.75,75.26,283.57,1.77,943.02,760.45,47.93,63.38
203.68,178.43,105.92,265.46,13.62,991.71,744.74,273.79,70.6
513.77,12.79,36.71,243.1,3.59,1098.69,772.03,99.02,52.83
331.49,315.8,177.87,164.73,32.3,969.03,933.27,195.14,70.63
424.66,267.94,141.76,151.79,25.0,873.85,619.7,312.33,75.89
524.15,39.17,118.1,293.59,1.44,975.46,665.63,85.49,39.91
616.27,242.23,224.42,242.42,30.45,1053.94,922.7,369.45,72.81
146.12,3.04,194.41,277.34,20.53,893.1,953.54,22.79,48.67
204.26,190.48,241.03,268.14,27.94,892.64,895.21,82.06,67.95
181.78,143.47,111.87,223.14,8.66,977.85,800.31,43.25,26.34
640.5,0.0,0.0,230.58,0.0,1153.85,628.72,105.25,65.83
324.56,419.81,87.95,158.83,2.73,1061.91,904.35,366.52,44.91
625.86,295.08,183.44,299.75,34.47,1171.47,1006.69,223.76,69.33
463.72,313.99,25.69,159.85,29.4,1048.18,690.14,74.9,57.99
383.33,23.64,212.01,213.74,14.36,971.51,698.36,119.04,54.98
434.91,157.36,40.71,290.74,34.53,872.5,785.62,315.65,72.15
260.47,0.0,212.52,188.61,14.27,1079.28,795.38,43.25,51.45
150.49,309.73,33.07,300.8,33.65,1117.17,909.71,54.57,77.73
323.51,141.03,37.15,200.58,23.23,1097.32,883.78,299.9,74.62
356.74,99.27,27.3,170.97,24.72,966.75,811.28,283.8,65.28
266.14,351.17,218.5,293.35,25.72,861.14,706.86,109.05,55.19
647.16,187.63,143.97,222.59,6.55,1110.78,931.44,60.6,67.59
657.1,270.1,221.79,285.02,30.11,959.89,927.12,78.54,55.05
241.25,166.33,42.59,290.9,13.36,980.97,955.17,290.83,79.46
518.5,129.69,0.0,187.27,20.13,873.95,909.85,22.25,55.1
428.21,174.79,220.99,265.11,36.75,1035.29,1003.75,229.0,74.28
125.87,188.46,94.91,191.43,15.59,1164.15,885.32,166.68,72.44
567.15,360.18,89.17,294.9,16.73,1075.46,709.51,184.55,64.62
597.47,300.71,160.42,238.9,29.83,1099.19,931.14,196.65,74.48
564.49,2.3,58.56,152.08,22.48,1005.78,931.17,82.7,29.72
598.18,232.83,52.69,210.96,16.08,921.43,647.4,48.45,49.11
127.01,289.38,175.41,257.14,10.28,839.07,931.01,332.35,80.01
244.67,14.39,93.12,227.82,14.71,849.81,690.9,181.15,42.45
531.89,65.09,63.25,230.04,28.3,1047.04,831.8,322.19,76.76
256.98,194.99,29.98,234.62,24.42,944.48,703.3,35.07,59.69
443.11,108.38,115.58,203.1,29.17,952.4,747.43,158.33,36.52
442.37,230.58,0.0,201.18,14.15,968.92,775.18,22.25,62.61
276.74,260.68,206.4,156.44,27.86,1115.15,852.01,125.9,73.92
509.8,386.73,136.74,244.26,9.05,862.8,843.84,225.0,61.02
175.82,436.12,234.21,294.81,11.31,1013.13,759.6,116.47,58.9
597.82,39.36,23.72,277.0,8.99,1095.86,664.59,160.64,68.51
520.54,295.32,17.66,197.95,26.92,888.34,850.01,138.45,78.17
509.97,62.84,13.99,194.1,25.81,859.95,909.71,254.22,80.89
585.75,366.69,43.99,233.24,14.29,974.3,679.98,249.24,64.65
181.24,410.64,32.0,200.07,20.65,995.03,628.46,272.64,72.84
317.08,122.73,95.65,208.13,12.69,959.69,782.46,43.25,55.74
232.37,266.91,120.73,242.05,29.79,980.73,892.56,74.99,33.34
166.72,238.91,112.22,215.66,13.56,1078.43,878.11,336.67,69.41
290.44,126.87,111.0,294.92,11.84,973.82,676.55,157.06,68.06
506.82,7.51,194.11,206.29,6.78,1026.44,750.07,243.35,63.69
185.87,167.34,112.04,223.39,27.95,874.95,931.9,291.56,51.64
383.84,275.55,135.4,149.66,37.03,947.44,916.15,335.17,59.99
647.23,130.07,107.56,224.4,13.32,1157.47,670.38,317.57,55.78
218.57,83.88,118.1,281.95,0.87,1044.65,833.96,336.5,72.58
311.1,0.0,0.0,234.24,0.0,912.62,969.23,105.25,24.48
224.96,359.41,126.28,249.79,35.3,1035.62,997.72,359.21,69.08
657.79,301.02,167.63,214.08,37.07,863.3,733.44,87.77,64.27
412.24,230.58,0.0,213.38,11.59,968.92,775.18,106.25,75.94
567.13,374.16,25.31,241.0,30.44,994.83,848.46,348.67,63.7
518.5,129.69,0.0,187.27,20.13,873.95,909.85,18.25,37.41
260.71,119.68,29.89,221.67,8.42,1093.13,805.54,43.25,51.2
405.65,173.85,0.0,278.16,0.0,955.9,609.23,105.25,42.25
485.46,55.03,100.87,237.89,16.91,1111.94,931.22,38.61,26.24
160.92,206.92,22.73,173.31,8.71,949.12,629.09,376.41,68.15
546.81,164.81,23.48,292.04,24.95,870.41,1014.3,293.59,69.08
158.68,252.33,137.31,156.9,14.56,861.61,1002.55,141.02,65.61
473.26,381.96,150.14,153.81,11.01,953.03,1001.52,295.41,63.2
413.41,145.59,39.84,196.49,34.65,1005.84,950.0,75.32,70.61
256.14,280.07,150.29,265.83,35.74,834.31,668.41,207.02,67.28
203.74,91.99,203.74,200.08,9.64,1033.13,789.85,71.25,59.88
161.71,134.2,136.06,291.45,22.46,996.39,754.57,352.57,64.96
417.99,402.23,6.63,169.79,5.04,849.14,932.53,191.29,70.26
160.52,351.05,122.56,274.46,29.38,958.77,711.43,151.18,62.84
548.18,76.55,121.77,217.15,22.5,1107.15,939.12,314.22,56.79
403.46,201.51,175.47,150.45,30.79,976.2,908.82,361.12,71.49
211.76,16.03,214.18,301.06,24.35,1001.12,911.4,81.78,52.51
546.84,411.62,100.27,175.05,1.81,1078.04,932.68,228.04,54.9
344.03,180.05,204.61,282.57,2.07,1051.33,755.44,100.21,50.89
569.96,334.35,209.72,197.93,7.96,844.9,842.36,97.92,51.34
545.92,258.92,242.43,225.94,23.32,1122.05,970.26,228.82,66.77
290.48,0.0,0.0,226.55,0.0,1147.49,809.54,22.25,11.58
599.02,31.72,150.06,245.22,4.76,843.08,716.92,18.25,33.1
563.69,97.06,209.47,213.68,20.42,892.58,748.6,106.83,65.61
514.03,80.94,59.78,205.29,10.83,1113.57,1005.48,190.27,42.5
610.49,102.46,115.44,157.69,23.1,1084.07,925.43,73.13,61.06
303.04,391.59,41.36,195.46,37.91,959.52,966.82,191.4,50.11
185.44,217.16,169.58,204.96,21.96,968.21,712.82,43.25,40.71
521.55,57.95,0.0,278.16,0.0,955.9,609.23,285.25,48.17
444.68,251.98,22.6,177.66,17.63,1017.36,761.98,368.36,65.67
172.51,33.99,159.09,184.73,20.4,1034.78,898.23,203.89,66.72
632.79,425.44,69.86,277.4,10.66,1079.33,800.54,70.83,69.24
521.55,57.95,0.0,278.16,0.0,955.9,609.23,22.25,39.29
496.6,11.58,195.38,214.37,27.18,829.84,726.85,352.47,54.89
588.35,45.28,232.01,243.72,1.41,889.16,651.15,192.71,68.72
382.15,415.21,202.8,160.67,15.79,957.35,818.19,228.2,53.22
146.06,215.65,201.72,282.29,9.15,1077.5,694.51,265.64,49.75
330.74,378.45,171.13,190.15,32.27,914.27,710.53,187.38,48.16
258.7,167.09,187.87,213.14,2.55,919.1,1014.27,257.47,73.66
315.83,281.19,111.08,292.51,24.65,908.23,946.35,78.44,25.02
201.3,156.77,161.16,213.62,9.88,1031.59,765.74,115.25,61.62
327.25,40.19,104.61,252.05,23.54,1067.75,787.55,174.11,52.4
297.05,254.75,84.49,256.1,31.83,1063.01,842.96,53.22,62.44
656.75,151.93,64.82,227.77,31.16,824.45,887.34,201.35,40.19
177.94,220.47,140.53,215.41,38.7,1011.06,903.34,281.29,80.31
359.9,0.0,0.0,225.7,0.0,1096.41,788.72,43.25,28.2
531.84,102.31,149.34,261.64,8.62,843.93,787.69,277.83,62.73
227.75,394.85,211.77,295.32,0.73,865.32,717.53,356.12,63.68
614.83,432.74,107.22,162.22,4.38,1153.32,697.34,279.87,64.94
282.19,15.16,136.69,181.66,3.34,854.23,743.37,54.23,43.84
240.03,277.49,194.12,236.35,23.46,912.47,830.47,286.83,71.15
544.12,29.28,96.38,197.64,14.15,991.79,730.26,18.25,39.6
,,,,,,,,66.63
344.03,201.34,33.3,214.45,24.74,1150.95,873.07,238.4,44.96
578.21,426.48,138.86,213.62,3.0,1133.43,610.49,256.04,53.96
576.16,399.2,113.99,236.5,10.38,897.8,699.85,372.51,70.48
456.41,211.36,208.25,282.95,37.49,1137.11,772.02,271.66,66.8
492.11,415.37,182.08,239.47,22.31,920.14,679.51,316.09,70.63
651.36,431.49,228.2,246.69,33.06,895.17,843.32,278.91,59.01
147.02,136.17,173.1,248.27,2.36,971.86,658.25,130.22,35.51
,,,,,,,,51.54
565.15,104.51,201.23,173.42,18.58,894.01,859.26,266.46,66.79
639.04,339.18,211.05,153.49,35.06,995.69,1003.26,169.59,40.73
423.9,431.93,185.1,241.42,27.01,1120.29,724.11,151.03,58.82
439.34,168.39,235.78,283.39,36.35,1052.71,702.45,138.81,68.77
347.48,68.52,2.04,218.72,13.53,1114.02,972.96,124.86,73.99
418.48,333.12,203.87,215.79,29.84,900.14,785.69,314.87,50.06
598.97,358.39,131.95,244.14,14.28,1093.52,1017.91,299.31,59.34
324.0,278.04,85.46,158.03,30.56,868.37,1013.93,100.29,34.59
456.28,0.0,0.0,231.8,8.54,1038.97,748.72,43.25,43.74
392.84,0.0,0.0,247.66,0.0,998.97,820.51,43.25,28.2
203.5,305.24,0.0,248.27,0.0,1000.62,710.36,105.25,48.8
338.06,0.0,118.83,195.93,14.4,998.87,898.05,18.25,25.92
342.7,345.41,106.34,273.83,32.35,1022.2,798.42,200.1,48.63
412.96,73.45,109.38,167.5,24.83,1024.1,873.06,159.1,52.21
208.52,5.94,111.18,190.79,4.76,1087.68,658.9,309.22,51.64
406.26,21.35,198.86,203.74,21.84,1021.54,668.72,43.25,52.95
304.33,184.55,58.81,267.26,26.49,976.36,696.67,179.44,63.5
444.54,29.83,71.29,198.33,36.08,1145.54,835.55,168.49,76.86
588.93,143.22,125.23,153.39,1.31,1100.56,1002.55,335.89,66.42
579.05,104.4,47.32,252.87,9.26,1094.93,1002.83,97.57,70.19
588.21,205.34,11.39,183.46,9.54,1125.33,813.99,272.27,61.84
604.95,203.93,103.76,167.8,35.66,1117.41,629.57,355.62,40.79
231.8,231.8,0.0,278.16,0.0,955.9,687.18,285.25,56.74
446.81,61.08,204.23,247.86,24.99,1147.77,990.14,253.37,65.62
514.65,298.84,71.3,286.57,36.31,1078.65,1000.87,324.88,50.21
568.0,156.23,110.19,198.94,20.39,1040.3,640.72,130.68,59.57
330.44,104.95,126.21,196.9,14.32,1072.83,930.97,220.76,73.32
463.36,107.92,93.39,299.44,3.74,884.27,680.47,319.75,74.82
436.58,130.22,58.27,261.54,18.7,826.49,693.52,46.55,67.92
293.3,210.32,10.32,176.29,30.06,1098.86,783.72,108.98,61.33
612.2,336.04,174.69,290.23,19.47,944.48,966.32,344.6,53.54
209.54,310.68,123.51,170.51,35.13,1014.17,680.76,261.06,55.05
357.68,373.84,107.33,217.51,28.59,915.38,1009.86,372.99,49.32
646.31,187.03,177.57,193.5,15.11,1097.88,945.38,114.08,51.61
431.19,421.72,128.7,202.36,36.09,933.21,701.83,54.5,52.63
529.55,422.29,67.89,152.48,0.81,1018.24,946.49,43.34,64.26
511.71,363.73,46.7,266.72,19.38,850.07,944.35,300.92,49.52
531.42,139.25,180.77,251.82,19.91,1100.96,791.68,147.73,66.14
650.86,428.75,148.9,233.94,31.1,958.34,933.28,61.33,38.35
216.07,384.78,238.63,197.96,26.51,859.43,931.66,173.72,62.99
484.34,0.0,0.0,226.55,0.0,1067.28,753.13,43.25,37.05
,,,,,,,,60.56
329.66,216.35,121.73,210.15,25.78,1169.68,850.19,288.52,70.96
204.84,216.47,200.88,285.38,34.98,860.84,923.45,146.62,41.66
,,,,,,,,77.54
423.65,255.85,2.32,193.9,9.82,970.27,626.16,57.57,73.85
620.85,66.9,95.44,272.12,10.75,1124.0,932.28,217.05,47.47
634.73,108.29,19.41,270.24,19.19,845.01,975.12,138.13,56.08
204.87,379.77,133.32,229.12,20.2,1084.79,909.18,153.97,73.17
186.41,367.92,165.97,251.9,14.03,947.55,849.5,349.02,44.39
260.84,119.68,29.89,221.67,8.17,1093.33,805.64,18.25,14.76
211.67,61.12,211.67,201.06,7.93,1032.0,813.85,71.25,60.22
436.55,418.72,67.76,223.87,38.85,1017.55,732.06,151.41,65.91
432.95,157.12,53.2,182.69,12.75,1065.84,989.67,313.3,29.51
173.08,211.2,170.87,188.59,22.31,1160.31,1004.5,186.37,29.15
220.74,16.71,111.98,206.39,3.26,834.99,828.66,281.72,61.5
512.71,432.18,123.43,237.02,39.19,1078.96,821.43,341.54,58.02
143.9,392.34,138.78,207.95,17.22,1100.05,897.52,119.78,65.78
536.77,419.64,185.88,169.97,29.26,969.76,997.58,48.23,75.12
565.8,185.82,43.26,282.11,2.36,951.5,663.19,348.52,78.87
475.13,176.47,231.07,201.65,5.0,862.3,895.33,83.85,58.77
530.69,36.67,106.05,168.94,22.36,1006.59,1011.48,256.99,53.44
308.02,143.8,5.26,294.4,5.14,1062.45,757.29,115.16,68.01
335.62,0.0,148.11,194.59,12.08,1080.62,797.44,29.25,43.42
635.68,184.95,163.69,224.58,4.26,1127.2,819.23,237.43,55.16
435.44,344.35,151.24,241.05,34.7,919.41,814.65,278.62,52.52
341.89,303.5,236.2,174.7,37.17,836.92,748.02,216.44,48.19
520.98,330.87,162.57,253.61,23.31,946.79,799.39,244.65,48.63
544.12,29.28,96.38,197.64,14.15,991.79,730.26,22.25,58.25
330.84,203.4,58.99,162.44,31.12,1023.87,834.41,36.64,37.31
416.04,274.77,105.39,180.29,38.09,1077.64,1012.47,340.62,75.37
309.03,318.72,79.8,282.62,14.71,877.14,871.15,297.33,49.32
350.53,393.58,3.61,154.01,30.71,865.39,905.54,229.58,61.41
498.16,147.57,216.75,301.31,15.31,1132.7,824.38,146.28,67.66
442.37,230.58,0.0,201.18,14.15,968.92,775.18,22.25,25.65
220.61,58.98,9.56,156.11,6.83,924.92,845.7,20.82,54.83
232.17,0.0,152.74,197.52,12.08,1116.0,823.18,18.25,10.58
190.63,25.33,166.04,205.49,12.31,1053.25,755.14,357.55,73.08
378.2,0.0,0.0,234.24,0.0,1037.95,851.28,105.25,40.05
386.99,327.87,92.04,155.52,1.34,982.74,696.41,16.55,65.66
402.75,60.73,197.56,153.05,28.82,1115.92,995.06,257.32,79.36
595.06,302.79,95.9,253.62,30.41,831.17,696.37,324.94,69.34
477.27,20.77,41.51,168.48,38.35,1085.15,1000.3,333.76,49.09
204.23,158.48,156.89,214.11,9.52,1032.1,765.74,71.25,57.93
456.03,27.49,22.79,198.52,28.1,889.97,851.29,66.36,52.19
318.09,220.68,100.51,243.28,29.21,919.18,703.67,97.39,73.49
294.27,104.03,90.28,280.89,4.69,1041.88,774.61,353.04,76.76
543.25,414.54,33.42,240.68,21.25,839.55,993.27,367.88,57.28
413.78,394.9,33.26,295.32,16.07,843.6,739.91,338.39,56.43
268.57,119.38,113.83,156.44,36.62,945.04,854.97,17.72,62.4
181.7,233.21,102.31,178.94,7.25,1141.35,668.98,344.01,51.51
362.03,317.35,115.92,167.08,8.95,1073.41,704.0,275.79,36.49
313.89,411.31,185.69,155.24,17.29,1092.81,1000.89,115.88,51.8
387.84,0.0,154.33,255.83,6.95,882.56,755.49,43.25,44.87
425.0,168.49,208.47,159.83,7.3,1020.71,631.79,341.71,52.43
190.32,296.46,0.0,219.6,13.42,1048.21,715.9,43.25,41.84
351.59,43.73,99.72,217.93,20.8,993.99,728.16,76.88,57.35
556.43,54.14,175.91,234.31,37.49,891.8,955.84,255.81,80.73
278.87,312.54,79.67,191.7,6.24,1164.5,616.66,23.43,44.81
572.16,253.4,30.08,168.94,27.06,996.71,623.15,125.25,56.49
564.35,78.1,169.52,161.36,9.44,955.56,806.23,269.61,75.88
389.2,97.61,201.47,225.97,10.43,826.47,956.18,151.78,61.1
434.32,0.0,173.24,235.46,13.42,821.54,797.95,43.25,45.77
136.22,276.41,210.19,224.23,32.4,822.74,887.02,229.5,78.59
282.8,0.0,148.35,212.28,8.17,1083.49,798.46,18.25,17.29
418.38,327.34,74.36,190.15,11.0,1120.0,828.28,211.02,64.98
392.36,242.49,149.16,236.83,29.91,1116.33,915.98,332.19,53.64
135.09,202.28,32.2,287.99,12.9,849.61,852.9,60.86,40.76
246.18,58.58,110.52,280.31,15.12,843.22,744.43,61.44,65.99
337.94,0.0,0.0,233.02,0.0,992.82,877.95,18.25,12.72
611.01,242.28,39.94,149.09,7.66,1017.75,761.14,122.84,64.56
170.76,135.76,242.44,230.08,0.56,941.37,855.93,288.43,64.52
443.98,432.71,128.02,197.19,2.97,1050.62,782.65,231.16,77.16
610.44,102.25,199.07,163.94,35.02,986.31,805.94,282.76,72.31
503.73,110.36,19.24,169.12,6.39,827.0,703.64,140.36,71.72
541.44,127.4,29.29,272.38,38.64,1041.57,694.25,239.27,67.78
482.23,259.2,53.97,278.17,29.09,973.65,815.84,324.43,64.94
280.69,362.32,164.72,253.96,31.56,1166.1,879.67,179.32,66.67
175.11,175.46,207.29,159.75,24.71,872.77,856.03,146.78,48.13
482.0,200.8,1.85,204.04,12.83,900.01,949.86,200.89,64.86
502.24,310.19,81.69,194.83,23.82,897.99,739.96,52.11,55.59
474.09,118.46,0.0,192.64,14.76,873.95,949.44,71.25,61.82
548.27,102.96,76.85,225.81,19.36,836.79,1013.01,156.42,70.19
128.23,388.9,60.75,262.58,21.44,927.56,667.75,307.26,66.3
257.05,385.64,0.0,226.55,0.0,1002.05,706.97,22.25,24.44
,,,,,,,,66.62
306.71,0.0,144.33,229.97,7.81,1054.77,777.13,43.25,36.58
415.91,15.19,230.21,254.57,15.95,1121.3,945.71,369.01,47.99
474.76,70.16,188.34,269.99,4.56,878.68,753.44,59.43,76.87
184.22,0.0,225.7,203.74,19.52,1101.54,695.38,43.25,15.08
341.28,194.4,154.33,171.14,8.14,982.99,961.32,250.85,77.72
580.5,61.14,91.25,196.21,13.86,841.58,848.97,153.89,54.29
337.94,142.74,111.02,233.02,8.54,970.26,683.08,43.25,48.8
477.37,313.37,129.73,187.65,35.83,1004.92,757.06,282.34,73.77
307.08,323.76,50.29,216.83,20.84,899.13,609.34,344.72,66.52
572.42,329.47,156.06,157.47,8.44,1011.62,788.79,170.55,67.31
453.29,78.82,169.34,288.63,1.58,895.19,640.37,364.09,64.11
588.76,394.23,31.42,191.41,36.98,833.63,780.74,253.4,54.59
143.22,73.65,181.35,286.44,36.12,1076.02,664.52,166.0,51.55
144.95,144.86,44.0,248.05,10.58,1029.99,967.61,259.96,47.0
263.44,406.13,39.84,238.37,36.0,1161.4,807.51,89.63,72.05
244.42,254.47,179.16,181.72,6.9,985.18,978.38,190.8,57.32
472.05,12.12,92.23,189.93,9.92,1144.08,666.82,48.66,47.87
639.95,158.65,157.85,154.77,3.35,1038.11,795.03,373.29,58.53
313.4,298.66,81.56,288.89,7.88,1011.16,860.2,206.57,66.91
550.22,0.0,0.0,201.3,13.79,1056.41,764.1,43.25,88.26
636.79,147.51,108.55,201.06,12.28,887.37,672.33,88.02,38.33
539.25,133.55,67.56,245.75,31.07,1078.94,940.13,311.31,74.43
436.44,358.09,12.91,194.75,34.91,1007.54,673.1,375.56,73.98
483.61,385.72,212.13,218.25,35.92,941.01,840.87,218.72,64.44
216.35,50.03,177.64,279.92,39.01,1121.17,855.36,141.13,58.58
612.84,368.02,87.77,222.88,15.96,992.7,894.69,111.84,56.67
290.87,168.77,158.59,168.19,12.76,1127.54,858.87,160.01,73.15
183.5,261.96,51.24,242.95,18.32,1024.71,662.93,248.69,73.13
467.53,50.02,166.95,298.92,28.56,1078.52,682.26,160.17,71.73
193.31,93.59,127.44,235.19,34.58,1161.77,758.14,156.83,44.73
153.05,46.81,172.12,206.48,15.08,983.9,681.05,291.58,71.94
382.23,319.88,0.0,214.11,10.49,1073.74,627.49,18.25,32.26
606.27,19.92,167.34,160.02,1.13,988.18,980.45,205.61,55.37
368.41,241.23,55.83,263.67,5.3,914.29,673.16,207.77,71.37
131.39,64.65,15.36,216.26,11.3,923.17,788.86,358.56,76.96
157.47,54.52,156.98,214.24,37.15,1009.31,983.51,288.0,69.2
294.93,412.76,128.7,204.67,1.2,888.2,949.54,152.15,58.76
328.29,215.28,63.37,175.87,18.99,954.63,745.47,48.42,70.83
510.24,39.89,109.33,261.18,38.2,1133.62,899.01,184.27,31.29
189.15,192.44,206.02,229.25,34.38,977.94,645.03,158.47,66.26
282.19,323.99,209.67,247.71,32.97,1074.03,731.86,244.39,36.6
232.58,87.99,13.61,246.25,28.71,926.68,787.76,56.98,53.69
311.88,193.31,98.86,280.66,38.39,1138.86,962.15,334.16,32.78
640.63,309.61,238.99,280.42,13.97,1104.81,857.3,37.62,70.21
640.01,375.08,44.74,204.21,32.84,1063.33,854.75,243.69,55.64
143.98,150.75,105.96,153.7,3.09,875.04,626.72,217.88,66.94
577.85,345.4,206.45,277.29,25.4,1016.55,613.78,238.28,30.89
300.58,62.79,240.98,228.03,0.33,1126.31,1011.39,342.53,57.14
269.26,45.01,160.76,168.37,21.1,1145.82,625.04,63.67,56.84
194.66,179.34,124.63,180.36,8.57,963.26,913.02,86.31,70.31
494.23,156.28,138.87,177.55,20.84,828.06,935.93,122.35,68.91
397.45,142.21,221.17,282.82,9.24,959.0,850.18,150.78,67.23
350.69,99.37,142.5,228.59,31.12,833.12,873.37,193.87,68.03
528.34,255.37,219.48,228.87,11.7,1092.51,955.15,132.56,61.26
525.86,124.56,111.05,190.21,35.89,1133.18,774.71,235.39,40.31
422.54,288.52,20.31,236.34,5.25,937.59,873.57,308.07,59.67
442.7,190.66,40.2,187.59,3.28,981.1,662.62,45.8,54.46
266.72,71.9,146.93,151.93,11.3,844.27,805.47,56.11,50.86
175.69,406.94,199.71,161.42,17.31,1094.4,766.73,103.21,80.14
134.96,60.45,170.32,186.01,33.44,988.91,647.98,203.68,64.29
430.31,347.54,209.42,252.23,29.99,1093.84,719.41,238.76,68.26
427.28,387.95,197.69,290.75,23.45,1131.15,661.28,41.75,61.26
431.77,278.76,100.62,300.12,26.92,859.37,807.04,56.03,50.22
372.82,262.96,140.07,165.18,5.03,1156.25,757.44,17.37,69.59
548.84,356.57,137.61,244.8,31.34,878.32,635.84,342.51,64.64
235.93,399.45,54.18,194.04,22.86,899.64,888.25,58.91,58.48
400.56,417.58,13.66,249.2,28.52,964.61,678.65,191.9,60.43
295.22,196.96,138.28,161.8,5.64,1082.19,936.09,60.99,62.04
388.94,259.25,0.0,189.95,17.45,873.95,902.97,106.25,76.27
378.97,210.88,160.53,249.19,36.71,1097.4,665.51,284.51,55.91
186.77,11.44,88.67,289.23,8.45,1147.44,683.5,233.28,78.4
362.58,0.0,143.35,213.26,11.59,1049.03,772.82,43.25,53.09
335.23,73.96,230.42,246.7,22.78,884.93,940.91,323.57,24.31
247.16,384.07,70.27,202.96,5.3,877.51,792.0,247.71,67.77
172.9,127.22,199.04,244.71,12.8,940.75,743.76,49.53,61.25
626.05,333.78,132.36,235.13,38.4,1090.53,757.56,125.52,53.27
437.98,23.18,172.02,187.88,13.3,966.15,821.54,43.25,66.63
408.71,49.6,106.37,216.22,39.14,1050.34,800.22,109.22,77.24
257.87,124.2,162.3,280.54,27.99,905.32,642.91,20.54,77.96
127.45,389.43,49.24,228.18,7.15,1023.26,822.14,26.34,53.15
141.5,411.43,39.63,244.04,20.1,977.93,887.75,144.74,68.79
289.88,84.08,178.83,236.56,10.84,1028.08,707.74,207.61,65.19
142.9,220.6,183.66,233.08,28.16,943.74,716.42,131.39,51.04
631.12,29.39,229.54,257.47,27.33,1070.2,696.51,340.02,55.02
337.88,374.45,58.69,286.22,18.69,1139.49,692.7,360.23,70.73
265.18,202.23,24.91,182.3,37.6,907.55,646.01,182.55,64.29
474.65,434.19,128.26,276.71,27.02,1138.99,801.88,135.44,67.96
474.09,118.46,0.0,192.64,14.76,873.95,949.44,43.25,56.78
319.0,44.91,183.12,157.31,2.42,947.66,854.34,337.02,60.76
504.62,374.72,51.61,153.63,34.84,893.26,709.21,216.6,67.59
361.77,7.47,85.07,164.42,6.58,1067.27,787.22,232.29,57.13
197.72,98.98,157.32,181.19,8.73,1080.56,759.97,203.67,73.3
514.38,318.97,49.18,189.95,33.31,1038.58,960.28,153.07,60.56
367.14,63.23,133.47,250.85,14.46,1013.25,831.8,369.75,73.67
195.44,229.36,178.61,247.9,13.79,849.95,727.9,43.25,39.55
263.28,292.12,217.77,206.49,18.33,1006.59,726.37,52.45,80.1
295.08,57.93,149.91,172.18,4.35,1091.77,798.82,98.95,64.03
307.65,60.99,148.48,214.46,28.76,1123.27,908.77,209.35,60.64
578.95,218.62,199.18,275.03,25.25,1040.98,973.91,248.38,23.3
370.88,92.72,0.0,278.16,0.0,955.9,687.18,105.25,55.09
176.9,0.0,163.48,220.82,13.42,1004.1,832.82,43.25,14.78
304.4,123.67,118.52,240.49,20.34,1131.12,772.53,299.51,75.43
185.2,217.28,169.21,204.35,22.33,968.21,712.41,43.25,40.71
250.55,7.6,29.31,260.56,19.39,943.83,727.26,138.23,68.33
305.0,0.0,116.75,234.0,6.47,973.23,879.18,115.25,46.1
335.99,97.02,57.94,166.09,29.0,1043.98,640.9,282.65,68.74
603.71,428.6,65.78,212.4,26.82,1034.66,854.92,344.86,65.66
647.79,129.43,79.12,185.59,36.34,1061.32,785.43,320.39,76.51
295.73,214.16,83.29,176.67,3.89,968.0,626.44,177.77,64.14
302.73,212.32,165.58,255.24,3.94,1047.67,907.59,268.12,66.06
386.73,133.57,92.06,232.52,15.52,1025.34,679.06,183.74,76.57
181.3,94.82,130.42,273.51,22.71,858.78,881.79,51.23,64.3
283.29,15.0,149.14,201.26,4.73,1094.45,973.76,222.25,45.63
331.58,258.94,238.44,201.83,6.36,1065.95,780.52,214.18,61.92
448.27,1.52,91.63,176.82,32.52,867.88,947.09,253.41,64.91
315.57,177.4,112.24,183.03,4.73,1119.18,942.31,92.38,35.09
639.92,189.25,5.48,237.76,21.68,863.35,705.97,284.61,58.14
251.64,228.36,120.65,238.43,17.5,1153.91,948.29,126.55,63.3
221.9,62.29,175.96,224.32,15.29,1164.29,950.76,99.06,79.64
606.47,174.96,168.47,183.64,14.25,1123.49,877.41,257.78,52.26
492.93,123.75,30.76,214.95,3.38,908.09,681.98,181.47,46.42
,,,,,,,,78.5
271.32,30.72,104.03,184.23,29.78,1086.82,1002.73,155.16,64.62
581.95,140.4,207.94,169.51,11.41,932.27,719.94,326.2,65.28
227.23,297.95,194.48,223.73,10.78,1014.39,763.27,281.78,67.97
306.71,0.0,144.33,229.97,7.81,1054.77,777.13,115.25,49.52
403.21,206.91,0.0,237.78,9.88,831.79,822.87,43.25,63.41
315.1,359.08,233.03,166.32,23.14,1078.52,672.93,101.62,63.27
529.32,193.72,166.37,156.82,3.01,894.63,670.21,264.71,68.46
398.72,250.37,122.55,216.47,19.15,1019.24,946.69,293.66,70.24
442.37,230.58,0.0,201.18,14.15,968.92,775.18,71.25,86.58
479.46,0.0,0.0,234.24,0.0,964.1,777.44,43.25,44.33
203.5,305.24,0.0,248.27,0.0,1000.62,710.36,18.25,7.73
475.68,230.58,0.0,178.0,26.84,968.92,775.18,18.25,45.47
542.76,310.15,189.09,174.78,35.92,875.87,965.03,277.76,52.11
188.03,275.91,142.38,223.47,30.52,903.63,657.52,282.54,64.65
643.59,17.78,183.49,256.88,9.54,866.98,686.54,301.14,73.3
190.52,82.97,126.37,273.91,16.98,1144.19,891.0,268.21,48.35
638.69,103.12,103.04,198.51,19.43,981.42,764.94,218.84,66.14
343.52,94.02,212.45,159.13,0.89,894.77,995.28,154.2,62.04
236.68,284.08,178.7,238.33,33.81,981.0,802.61,228.9,40.44
246.44,13.42,172.02,251.32,2.07,966.15,821.54,43.25,24.61
385.72,196.65,167.31,166.42,8.11,930.64,946.6,93.88,52.99
132.87,148.26,204.99,294.24,33.53,1125.72,928.6,305.93,73.22
357.33,294.13,166.14,175.04,11.85,954.48,970.86,287.5,64.43
201.3,68.93,58.38,277.81,37.89,954.81,668.29,263.8,71.68
330.77,372.38,187.14,164.98,4.98,983.45,761.17,285.37,52.78
374.12,88.26,60.04,285.29,0.84,933.4,986.49,371.8,63.27
450.99,394.69,49.5,275.64,13.63,886.65,891.17,53.25,31.84
181.76,297.4,14.83,226.83,2.69,942.72,637.18,349.64,72.97
588.19,317.25,156.42,240.27,13.34,1081.66,894.94,62.21,70.66
214.76,220.36,113.83,173.9,4.18,970.17,999.69,195.86,53.8
510.81,282.83,187.56,268.35,35.96,1086.28,678.76,28.21,73.01
278.31,90.43,95.22,255.38,3.51,868.23,820.44,205.7,70.83
320.6,45.52,185.59,179.87,34.8,917.87,919.63,115.87,52.62
515.86,292.37,229.9,220.0,3.08,863.57,961.06,84.2,71.96
232.17,0.0,152.74,197.52,12.08,1116.0,823.18,115.25,45.24
629.38,6.11,122.45,192.75,11.52,1157.24,690.29,55.42,61.25
,,,,,,,,51.91
619.34,141.01,131.04,282.47,4.23,834.69,1017.38,338.08,70.59
628.88,363.72,69.56,270.04,10.97,853.8,993.77,201.9,59.98
180.57,84.72,90.71,208.29,29.57,851.96,926.55,140.49,67.59
381.49,0.0,0.0,217.28,9.76,1025.33,843.28,43.25,28.11
188.87,356.2,149.04,154.02,13.26,1105.06,647.7,92.98,32.64
591.53,324.79,128.08,233.05,35.04,925.17,855.18,298.18,69.63
535.58,215.94,0.0,226.92,13.54,907.59,726.05,43.25,73.92
305.0,219.6,115.9,193.98,11.59,882.05,820.51,43.25,76.01
204.88,69.45,130.16,219.34,24.62,1162.21,854.03,261.73,64.41
162.99,81.12,194.49,174.29,38.48,950.49,842.44,18.65,68.1
276.17,307.16,12.54,153.21,33.0,977.83,911.79,93.87,60.36
385.64,257.05,0.0,226.55,0.0,1002.05,706.97,43.25,43.34
285.66,307.62,197.25,156.93,11.35,926.54,763.74,350.46,67.08
233.65,300.38,7.17,265.49,6.23,982.99,898.46,56.93,73.92
208.7,412.43,236.01,251.06,28.05,842.16,792.17,263.77,66.4
604.31,252.73,100.33,284.41,14.4,1125.92,1010.44,40.59,70.26
554.46,77.0,87.19,217.72,39.06,869.71,661.27,262.23,73.25
230.83,147.52,158.48,241.55,21.86,934.44,824.41,294.0,68.47
474.7,168.99,239.02,174.79,20.91,868.43,812.49,347.41,75.41
619.33,331.3,140.65,153.55,36.14,1013.02,971.02,124.62,79.39
406.69,277.24,48.5,257.76,21.49,970.86,804.6,364.42,66.41
173.93,435.12,13.21,175.56,30.42,1167.57,852.12,152.4,55.66
610.28,437.05,65.17,150.18,23.53,953.44,896.95,287.09,34.28
605.82,115.34,46.1,171.4,39.23,923.67,926.2,285.08,73.33
525.24,382.9,183.26,179.43,30.07,1122.8,871.95,288.37,75.62
643.36,16.11,110.71,207.12,31.14,1102.4,827.44,206.53,65.17
257.28,136.73,232.62,214.43,29.61,1142.7,650.55,306.23,59.18
251.91,137.35,41.14,229.59,5.39,935.38,853.96,342.58,50.53
356.59,342.7,64.79,237.43,8.64,955.2,679.4,33.34,52.03
303.9,0.0,120.54,192.88,15.62,1013.13,911.79,71.25,47.07
239.18,128.35,4.23,240.18,16.34,925.9,963.22,99.78,53.51
214.51,90.61,173.27,292.43,36.01,1022.21,673.35,240.02,55.6
208.88,274.0,75.22,208.18,18.89,928.65,899.4,271.1,45.63
317.96,221.88,115.19,178.58,23.05,865.85,755.28,365.27,53.42
348.5,203.45,240.79,217.02,13.35,843.57,878.71,147.23,54.58
371.58,412.15,49.59,169.76,20.04,1167.03,718.04,206.1,63.55
237.53,0.0,122.61,202.03,9.15,1032.21,929.13,115.25,41.82
462.33,335.16,172.36,277.94,20.07,1098.92,898.22,133.78,54.41
403.82,0.0,0.0,234.24,0.0,901.54,846.15,18.25,15.14
344.49,19.35,155.16,289.18,8.32,959.46,667.68,204.28,56.13
402.43,8.99,153.9,157.98,33.29,1012.75,672.1,75.95,68.48
526.96,400.83,31.83,243.61,6.31,1092.57,780.96,363.62,68.37
358.48,181.26,115.46,289.26,3.87,852.92,932.96,314.69,69.23
402.36,18.05,123.88,159.9,29.27,1161.34,845.49,59.49,33.21
648.61,364.67,188.77,198.81,12.72,978.71,725.89,92.97,64.52
376.52,243.52,125.94,284.15,19.87,929.08,985.15,24.41,60.82
,,,,,,,,74.52
548.32,239.84,36.09,227.94,27.63,998.7,1013.9,226.65,40.63
355.52,10.17,106.48,242.04,33.49,1123.65,763.75,37.38,48.66
627.7,420.97,31.9,224.55,38.32,1152.01,885.19,184.88,27.19
294.41,393.51,46.29,277.39,30.01,899.36,631.12,331.75,53.65
502.9,138.72,21.66,190.71,2.22,920.72,862.34,55.32,69.51
602.6,85.39,130.89,252.85,19.08,952.24,877.84,314.15,80.16
286.28,56.27,186.14,284.74,17.02,923.57,981.62,320.99,66.42
338.18,119.32,29.89,196.05,13.66,1088.92,802.56,18.25,34.1
401.45,316.23,226.63,148.8,0.07,1104.01,642.87,30.19,42.81
399.84,305.77,64.57,206.87,15.16,938.7,744.8,345.38,34.26
625.7,86.03,56.52,168.16,19.91,941.65,620.2,48.67,49.83
290.48,0.0,0.0,226.55,0.0,1147.49,809.54,43.25,19.69
140.51,229.05,20.85,257.83,2.82,1145.53,893.07,287.22,77.2
424.58,138.77,70.28,249.15,11.31,1032.83,700.17,22.06,69.94
332.11,60.55,232.86,210.89,33.99,983.4,824.6,258.25,67.73
641.23,237.19,88.61,196.7,12.14,1101.56,922.83,245.33,68.77
446.49,23.13,55.62,239.97,19.7,1018.42,943.04,140.59,63.85
290.0,408.7,153.88,185.17,23.09,1056.5,1003.13,249.26,76.75
442.37,230.58,0.0,201.18,14.15,968.92,775.18,18.25,39.54
337.94,142.5,111.02,232.53,8.54,970.77,682.67,43.25,48.81
334.62,278.99,205.31,215.79,24.37,918.73,725.69,362.84,72.38
138.27,120.2,189.38,197.26,29.4,982.15,851.14,40.99,43.99
394.25,406.78,135.18,176.38,26.74,1151.9,650.59,294.39,57.51
402.53,197.48,36.45,185.55,30.8,868.88,973.31,144.4,75.56
453.17,32.65,87.56,155.18,37.11,1070.01,882.67,197.37,56.89
378.2,0.0,0.0,234.24,0.0,994.87,871.79,105.25,38.84
460.17,257.39,82.64,221.8,15.02,1068.34,662.09,376.88,67.84
632.97,24.83,183.82,186.66,33.96,878.88,721.36,197.68,42.73
567.5,235.67,40.83,177.45,2.05,866.26,973.6,197.54,40.74
518.87,313.93,177.26,240.57,23.42,1003.25,887.17,243.99,59.88
328.45,185.32,178.12,264.64,19.85,1129.3,969.24,276.99,58.39
281.61,394.67,82.94,282.97,16.71,1081.01,692.68,47.72,58.91
304.89,36.33,13.54,192.18,26.19,903.02,1007.67,213.18,52.12
292.88,250.63,122.22,166.85,5.44,1097.97,611.91,335.14,52.85
458.12,158.69,14.89,152.78,30.23,922.06,649.04,227.55,52.65
640.5,0.0,0.0,230.58,0.0,1153.85,628.72,43.25,62.65
646.51,4.76,210.65,298.83,6.13,1160.71,720.34,325.37,50.22
479.46,0.0,0.0,234.24,0.0,964.72,805.74,22.25,31.07
393.45,165.66,57.89,213.1,27.8,1125.1,733.35,179.5,67.63
613.66,214.75,24.74,291.18,36.65,1077.12,727.22,179.86,79.36
257.02,378.86,93.02,167.87,35.13,864.39,966.35,246.43,57.5
442.37,230.58,0.0,201.18,14.15,968.92,775.18,71.25,86.58
288.78,428.22,133.22,192.19,16.47,1057.41,677.58,67.51,45.46
541.2,196.15,201.03,168.13,11.6,869.3,965.37,179.66,71.87
219.93,232.39,121.04,257.01,9.28,1093.4,983.83,16.45,46.14
524.85,196.82,25.25,233.06,28.16,942.5,849.23,216.06,70.12
442.98,354.54,162.26,204.92,20.42,1118.85,684.55,164.22,54.88
458.39,19.29,157.9,217.64,16.05,1071.83,665.11,227.34,71.87
611.28,274.25,68.94,259.33,5.84,937.48,959.76,204.28,59.5
351.11,341.51,14.06,250.85,17.45,863.29,726.59,27.37,61.38
469.7,0.0,0.0,226.92,0.0,990.77,782.56,22.25,26.01
475.68,230.58,0.0,178.0,26.84,968.92,775.18,71.25,88.93
413.68,211.89,118.07,247.87,25.67,1059.29,616.52,128.12,58.97
499.92,243.22,130.16,168.46,23.22,1105.69,1017.14,79.35,65.7
403.29,113.65,135.03,201.22,26.14,1014.79,753.3,239.28,39.14
332.73,363.8,183.66,213.76,22.81,1062.84,812.47,224.96,62.86
351.68,262.59,19.72,246.46,27.74,1085.66,942.61,218.58,61.6
616.36,320.62,129.52,214.0,23.06,1153.89,1002.87,17.2,68.38
487.53,182.17,182.13,266.15,32.03,1085.29,883.29,307.21,64.13
186.26,5.34,68.15,235.13,20.0,1104.7,989.05,181.37,22.46
526.45,411.13,60.44,257.66,35.99,842.25,931.08,148.12,25.0
577.68,248.1,90.18,201.21,17.13,938.08,687.49,293.45,40.3
514.1,81.5,175.96,292.56,32.6,1131.53,832.23,126.92,61.33
179.68,232.02,136.48,221.0,24.47,969.52,810.55,323.97,37.57
137.67,114.7,169.43,214.63,35.62,876.5,925.92,137.39,59.48
564.6,374.5,146.41,235.48,3.78,1137.11,665.09,291.26,52.34
337.47,324.54,210.8,268.19,18.86,1056.68,644.82,223.0,53.72
207.13,270.74,66.33,295.5,21.33,840.68,628.37,378.29,74.69
576.44,154.72,3.91,293.29,16.92,844.9,646.91,139.77,69.12
594.76,185.86,48.2,283.06,8.3,912.88,916.82,225.12,58.97
566.94,167.56,156.64,170.35,36.25,878.16,825.92,180.01,66.5
254.22,268.92,92.59,253.95,7.08,1156.95,938.83,124.58,71.08
135.32,369.38,145.36,155.04,13.1,1131.92,796.58,307.79,62.81
554.09,30.48,208.29,289.41,14.55,1102.36,642.03,358.15,58.77
417.31,57.55,9.9,186.37,0.8,909.21,765.74,170.66,58.94
180.32,213.62,0.0,208.86,2.68,1025.64,849.74,43.25,30.15
562.84,222.48,193.39,261.66,8.76,970.12,628.26,365.03,72.15
413.7,438.33,154.95,215.59,7.7,1044.41,906.8,274.11,53.34
514.65,160.58,97.6,208.1,17.7,913.44,966.07,178.6,62.89
394.16,8.58,110.32,257.63,0.04,1073.68,611.07,305.96,65.47
165.86,371.09,2.14,272.48,22.09,1103.37,972.37,205.77,58.29
475.68,230.58,0.0,178.0,26.84,968.92,775.18,43.25,83.44
232.65,0.0,152.99,197.76,9.52,1117.95,824.62,115.25,45.44
368.44,0.0,0.0,247.66,0.0,998.97,837.95,43.25,24.36
238.21,116.46,45.15,272.24,22.66,968.18,728.47,45.73,70.92
313.95,138.97,119.52,189.77,1.87,853.12,1001.72,207.8,53.74
582.13,238.18,85.14,236.32,9.72,966.36,939.87,149.5,26.64
303.47,166.6,20.27,268.95,10.45,1013.69,614.67,331.71,50.87
505.15,262.46,152.75,258.43,19.68,875.12,785.54,197.06,38.98
307.9,87.57,196.17,260.34,25.17,873.11,740.61,266.41,53.72
446.38,40.76,70.92,279.45,5.97,958.85,996.25,64.54,25.1
657.81,333.78,91.22,281.04,20.48,860.06,944.99,215.33,42.39
229.29,155.22,1.48,175.95,1.11,1130.87,677.77,256.67,73.91
234.24,351.36,0.0,234.24,0.0,953.64,734.46,43.25,44.04
228.7,420.87,2.9,239.59,16.38,1149.69,801.12,172.01,62.44
,,,,,,,,69.39
342.04,27.0,1.33,226.31,24.09,1076.67,660.69,318.22,57.94
170.31,255.47,0.0,234.24,0.0,1073.85,827.59,22.25,16.34
560.05,254.66,48.53,259.85,16.66,1095.33,705.71,249.95,36.76
482.97,164.09,222.76,148.9,31.65,1169.67,821.06,351.16,57.27
,,,,,,,,71.82
157.73,17.58,175.66,230.55,32.85,1105.06,865.92,260.3,52.91
379.49,323.82,116.8,149.33,8.08,1119.62,886.9,108.39,48.76
280.7,304.72,7.6,162.03,38.77,835.65,1003.08,165.46,48.61
347.26,297.71,127.35,177.37,38.09,1074.95,902.69,337.58,72.76
654.15,69.76,0.45,164.24,35.11,1004.67,746.3,138.67,39.19
593.89,187.67,128.92,188.53,16.64,1054.09,691.2,92.85,34.46
334.12,77.82,189.32,185.02,8.56,894.14,875.06,193.82,40.16
237.12,106.98,143.91,233.46,8.03,983.68,1002.55,64.08,67.4
413.58,92.91,86.31,276.67,9.47,912.48,888.12,297.7,67.0
184.22,0.0,224.48,203.74,14.64,1016.41,791.79,43.25,17.44
424.37,88.0,0.8,149.46,19.55,933.51,660.37,29.16,41.56
438.94,393.95,15.44,287.44,25.67,981.5,705.97,37.14,43.67
575.11,171.05,21.69,292.85,0.56,924.71,918.57,356.49,71.84
462.91,248.2,97.52,181.72,28.82,955.26,960.89,56.89,73.01
403.82,0.0,0.0,234.24,0.0,1003.08,846.15,43.25,35.22
443.99,336.41,135.22,202.32,1.55,1025.95,749.32,100.89,74.11
350.38,434.02,94.49,265.35,34.07,1149.18,639.53,327.24,54.58
306.8,89.66,221.88,208.19,1.15,1172.7,742.69,141.15,83.11
409.84,148.97,92.55,159.58,23.52,967.39,837.3,89.16,41.21
498.82,245.4,79.94,212.11,6.57,897.8,730.36,341.16,51.29
249.37,70.93,99.6,282.93,7.8,904.68,673.74,199.2,45.92
464.48,172.61,92.33,254.69,18.33,1141.45,963.07,39.96,56.95
505.1,46.05,169.74,301.33,35.85,1122.79,835.66,87.04,71.24
248.68,15.43,225.64,196.82,3.68,900.73,822.05,140.0,79.96
290.64,295.38,168.14,228.54,24.58,1034.45,926.62,80.85,42.56
153.6,250.1,76.99,246.02,17.54,1106.67,834.84,135.18,59.55
377.98,98.76,205.65,300.99,24.38,831.43,984.2,137.11,60.26
124.44,186.66,0.0,234.24,0.0,909.74,966.15,105.25,28.52
494.91,68.89,64.03,283.02,17.18,885.73,735.04,58.6,64.21
553.3,48.35,179.49,209.58,37.38,1008.02,897.56,149.07,68.76
175.68,165.92,129.32,217.16,8.54,965.13,793.85,43.25,29.28
340.11,357.07,240.09,217.18,33.94,1079.76,797.92,373.56,64.97
360.88,0.0,0.0,226.55,0.0,1119.38,789.03,43.25,28.25
540.54,378.56,199.34,215.66,12.18,1126.39,626.84,136.7,53.74
454.6,9.34,133.64,148.78,20.77,968.16,863.29,103.88,38.47
264.75,51.44,143.92,192.68,18.86,872.89,702.47,58.6,76.24
375.05,165.41,2.23,285.54,10.91,1135.35,700.85,311.65,51.67
330.45,65.72,55.26,230.64,10.67,1015.64,949.85,222.16,60.88
170.9,372.82,17.58,206.88,29.32,1161.68,840.76,54.04,75.99
168.14,94.22,21.9,288.81,15.51,1155.68,617.37,227.0,58.58
658.32,84.72,100.45,265.6,38.37,1074.86,820.42,35.01,53.36
141.04,18.68,49.57,227.04,25.22,915.27,792.27,329.08,49.26
449.22,122.84,144.05,218.09,33.45,941.55,736.81,246.58,59.76
478.92,35.79,173.05,175.36,10.14,1133.14,675.79,174.73,62.58
515.07,246.2,196.54,216.45,35.12,898.51,730.19,24.54,78.08
559.73,429.55,116.24,237.69,3.9,904.64,715.7,348.49,52.4
509.53,28.44,27.17,247.5,31.05,1146.79,667.25,83.12,68.89
604.46,180.99,182.45,289.68,9.23,1092.8,891.48,57.97,74.0
385.21,13.2,95.11,202.2,15.94,1117.2,953.92,219.48,65.28
305.0,0.0,116.75,228.63,6.71,981.44,883.28,115.25,47.43
201.91,339.06,74.9,161.82,38.6,978.66,695.69,265.82,49.9
413.58,0.0,0.0,240.34,0.0,992.82,801.03,18.25,14.81
290.25,370.93,174.73,258.38,27.02,965.5,805.99,283.52,75.11
374.54,0.0,0.0,235.46,0.0,992.82,832.82,105.25,36.87
193.54,1.97,104.75,261.81,19.62,1060.03,860.97,150.0,50.72
130.74,247.8,37.5,232.26,29.33,908.33,715.22,237.87,66.93
411.84,436.57,73.54,269.67,26.16,894.04,985.83,210.07,58.34
342.82,0.0,0.0,226.92,0.0,1132.31,793.85,43.25,25.13
226.68,416.42,184.95,255.9,12.32,833.08,826.66,372.83,46.29
289.87,310.63,99.84,159.03,36.61,929.75,854.95,50.01,60.99
334.5,200.18,141.83,191.04,4.25,931.62,638.44,318.33,62.18
577.77,10.73,231.12,252.74,4.83,870.76,628.68,26.82,74.99
543.37,427.72,109.09,196.69,4.09,857.63,785.21,58.25,60.24
509.9,373.58,229.56,177.27,22.18,1064.63,671.35,357.78,54.56
135.65,291.24,209.88,177.71,28.16,837.03,994.92,324.2,74.78
125.91,202.94,181.76,183.19,1.22,1067.32,980.68,376.79,69.74
125.86,34.02,143.31,168.21,14.56,985.03,977.06,20.99,55.88
222.89,344.14,40.33,168.06,31.9,1009.63,631.83,367.89,55.64
164.7,0.0,202.52,219.6,12.2,985.64,825.64,43.25,14.88
180.32,292.55,95.24,240.03,5.56,961.37,847.29,180.41,59.22
308.66,247.8,218.05,260.47,28.48,907.57,639.9,95.48,43.96
274.07,367.5,219.02,232.46,5.87,851.21,756.76,233.8,49.32
524.16,409.04,163.75,173.69,33.88,1103.64,889.01,339.92,59.75
347.18,430.2,60.2,227.44,17.03,1098.57,923.93,129.92,68.19
217.16,158.36,144.69,219.48,4.39,1033.13,765.95,115.25,55.99
598.1,107.78,139.66,276.15,15.4,1133.84,821.39,366.25,38.1
586.08,105.54,102.56,162.04,7.44,1102.04,994.2,136.72,60.05
249.08,104.04,48.83,177.17,30.04,949.15,820.32,79.09,67.65
199.11,55.22,85.35,244.99,17.53,866.23,629.28,138.81,61.68
384.11,421.25,132.1,167.48,28.36,936.22,685.98,378.22,61.97
469.7,0.0,0.0,226.92,0.0,990.77,782.56,18.25,16.46
512.08,338.07,35.56,239.78,22.93,858.33,790.81,53.6,48.86
179.5,104.13,132.65,229.06,24.1,1158.68,708.86,300.54,37.32
482.6,252.79,161.77,189.7,28.78,954.82,833.65,34.34,69.58
279.34,173.06,122.73,277.09,25.33,1123.03,753.62,57.54,69.87
,,,,,,,,60.25
284.01,438.46,79.32,223.63,5.29,1046.87,929.58,89.62,74.86
637.21,415.31,27.91,233.8,7.11,1062.66,951.09,329.62,48.6
628.61,321.82,143.4,210.72,0.86,1072.69,960.1,75.02,60.64
407.56,33.81,125.72,209.31,13.01,1089.2,850.58,121.38,63.49
,,,,,,,,58.18
244.41,169.81,139.77,278.96,8.59,1035.19,657.81,355.3,71.75
605.86,182.69,5.32,250.69,33.91,880.2,751.43,176.9,38.42
197.64,231.8,180.56,218.38,23.18,859.49,760.0,43.25,37.81
488.45,83.32,193.42,236.52,37.56,1154.83,771.82,265.59,81.04
374.93,259.82,242.64,203.11,28.65,1140.51,710.31,346.65,72.56
185.25,343.02,0.39,240.7,13.59,1147.01,683.62,283.71,42.41
404.08,238.14,100.78,278.28,11.31,1152.21,987.17,141.47,71.96
301.98,322.63,176.96,268.52,3.55,870.38,875.47,33.17,80.66
398.08,87.38,211.09,272.36,5.5,990.64,722.0,64.48,70.89
208.13,22.93,6.09,234.28,13.29,822.92,626.25,102.83,70.4
347.7,231.8,0.0,198.86,9.27,1057.44,702.56,43.25,60.01
386.83,373.37,100.57,178.65,7.29,1171.2,746.56,120.86,71.08
337.59,437.26,112.63,222.97,10.66,879.94,995.83,250.58,51.33
496.82,16.78,210.97,262.76,29.67,1006.24,702.47,323.91,27.37
592.68,84.28,75.49,182.66,13.38,1033.39,738.44,347.24,76.16
417.24,46.36,0.0,278.16,0.0,955.9,687.18,195.25,58.37
581.84,137.25,60.34,235.9,3.27,824.01,713.99,351.32,50.34
332.61,229.54,86.43,191.01,19.75,896.76,651.44,183.18,41.73
595.51,121.41,170.98,267.97,35.42,938.86,794.24,202.68,56.89
489.8,74.8,68.57,157.13,25.51,1095.45,785.46,41.13,67.2
505.2,432.05,204.82,204.16,34.35,901.85,762.71,252.52,71.67
497.63,206.1,53.07,268.65,21.45,1080.99,639.79,88.77,54.24
310.25,54.51,214.27,252.34,23.07,1065.22,610.2,19.24,71.28
618.63,36.22,63.17,277.95,36.68,1079.61,710.14,282.18,63.73
244.75,93.06,48.28,185.05,15.06,1037.37,969.95,25.92,43.37
634.97,199.94,122.1,215.95,4.31,899.1,807.39,305.98,30.84
610.31,28.14,158.52,232.01,34.07,881.08,997.42,342.77,55.2
484.34,0.0,0.0,226.92,0.0,1066.67,752.82,43.25,41.37
614.48,25.35,149.15,246.66,35.73,919.22,760.85,198.7,65.08
447.33,133.07,91.45,227.05,32.81,1009.76,898.39,306.18,30.93
658.26,293.26,176.82,191.95,32.36,998.89,970.52,57.3,31.3
603.17,333.86,3.73,264.75,3.81,864.46,995.31,267.27,50.5
269.94,244.83,119.98,213.39,13.04,1131.53,617.5,85.94,59.6
159.97,100.94,6.55,165.63,10.12,990.86,736.31,250.17,44.36
582.79,348.68,190.89,235.05,37.46,1089.83,822.37,326.61,67.22
634.4,0.0,0.0,207.4,6.34,876.92,876.92,43.25,67.51
614.16,286.94,198.7,291.81,34.96,1010.09,624.27,149.94,73.35
644.87,155.48,234.97,255.67,14.01,935.2,829.27,106.52,50.01
407.66,323.18,150.86,246.82,26.56,838.34,669.37,377.99,80.9
453.15,267.23,185.42,261.6,4.15,924.29,785.34,379.58,72.19
,,,,,,,,55.79
431.74,421.21,147.42,251.41,20.32,999.24,984.71,132.26,60.99
648.83,324.6,149.85,241.93,6.06,962.17,799.97,129.79,75.46
362.69,289.34,127.22,192.28,15.49,921.73,979.53,164.28,70.49
143.76,209.97,87.07,244.82,2.24,913.11,715.12,326.06,56.57
425.78,0.0,0.0,234.24,0.0,1083.08,829.74,43.25,37.64
625.64,222.5,200.06,274.87,18.35,1035.93,784.1,197.42,66.67
468.73,313.78,145.08,271.2,31.03,841.89,1009.47,84.14,72.85
185.81,408.0,182.83,207.49,16.18,1053.77,646.61,230.4,37.49
273.32,219.3,156.27,288.81,5.92,901.74,636.35,130.73,45.92
337.62,77.64,203.9,170.72,23.26,1124.72,923.09,206.54,69.57
472.37,109.3,174.31,191.43,37.99,850.37,966.5,292.43,61.11
624.99,349.79,210.83,210.84,22.15,956.74,786.74,335.94,53.05
170.0,211.79,2.5,179.88,23.62,1144.89,617.42,120.25,60.0
188.15,313.59,25.4,171.77,15.38,1016.65,865.86,192.37,68.35
221.84,89.4,59.5,175.49,19.49,841.67,858.61,160.54,70.76
332.41,363.7,10.79,201.84,22.19,1154.58,630.19,374.65,52.06
334.63,351.06,79.28,291.23,11.2,850.71,734.7,227.91,65.88
556.85,371.58,165.61,194.58,2.26,1060.05,740.38,350.81,45.76
357.76,19.53,118.05,186.23,33.2,1123.39,624.21,328.5,54.53
180.56,0.0,222.04,220.82,18.3,860.51,906.67,43.25,17.38
299.56,294.87,17.19,198.16,3.34,1015.41,969.36,257.87,67.46
475.68,230.58,0.0,178.0,26.84,968.92,775.18,22.25,66.18
470.12,323.05,162.65,249.57,10.51,1128.89,786.43,84.9,60.82
545.03,328.94,142.54,246.42,35.42,1104.22,929.39,52.73,15.43
628.29,431.13,74.65,249.84,29.61,1120.6,898.33,47.61,47.69
332.82,221.92,0.0,226.55,0.0,1038.36,732.62,43.25,35.15
355.38,77.09,167.28,157.52,10.83,995.77,736.34,109.64,65.78
377.35,313.87,218.74,162.3,0.83,1134.63,628.45,317.05,76.65
541.13,268.55,237.18,270.01,34.85,890.16,826.87,121.08,51.83
319.45,287.1,36.07,231.04,13.28,1165.3,978.28,120.25,24.79
448.1,359.4,132.8,252.43,16.01,1081.6,790.23,132.72,72.38
303.34,15.01,55.94,163.6,4.87,972.65,795.28,156.57,60.01
278.16,417.36,0.0,226.55,0.0,980.31,691.59,22.25,24.55
602.41,209.62,199.58,221.76,11.03,883.76,871.27,377.36,58.87
549.49,232.39,37.96,259.23,24.21,1080.94,750.17,129.65,77.52
430.69,322.85,69.89,164.07,6.23,1042.81,893.38,118.46,64.32
624.52,248.11,238.13,268.19,7.77,1034.71,652.84,190.99,69.25
643.31,75.33,241.11,238.84,8.51,1127.21,887.63,323.61,33.35
349.29,245.1,0.0,176.53,13.66,1030.36,824.31,22.25,42.56
369.17,290.08,196.16,261.38,26.17,983.42,723.78,260.42,51.83
506.18,340.64,107.83,226.57,7.44,1118.79,737.96,243.39,65.07
310.59,214.09,241.63,220.17,1.82,970.23,666.01,377.05,82.02
171.41,408.19,229.07,289.91,29.2,918.43,858.11,264.56,69.62
343.74,184.79,48.21,281.03,15.76,941.65,709.16,359.57,46.4
530.48,85.71,182.83,173.4,5.65,914.48,785.48,124.6,65.57
457.75,67.04,117.84,296.87,34.79,932.01,921.91,299.84,59.87
258.64,172.39,0.0,248.27,0.0,998.36,769.23,105.25,44.46
658.53,347.74,71.01,262.68,16.29,870.78,878.28,100.4,34.63
391.58,118.71,33.16,281.58,1.03,1171.73,689.86,222.22,71.06
462.99,184.46,0.0,187.76,19.4,1163.38,620.51,18.25,32.03
297.18,329.81,6.27,259.47,24.38,911.12,650.58,211.5,63.19
311.03,36.77,211.87,285.39,15.56,1113.84,967.27,298.26,22.98
543.99,395.64,74.24,272.88,12.39,1158.52,931.14,292.03,72.41
376.9,169.98,5.68,161.2,3.59,906.8,668.74,364.98,77.6
200.08,198.86,156.16,240.34,9.76,985.64,657.44,43.25,30.5
510.11,416.97,182.32,233.47,27.2,886.69,813.31,305.66,62.83
593.6,240.64,196.2,220.57,27.13,1106.87,704.55,338.86,50.96
485.91,75.25,77.87,255.03,15.83,992.29,718.02,138.4,74.73
368.67,407.7,131.92,234.33,34.79,877.96,811.13,190.99,71.18
287.92,0.0,0.0,236.68,0.0,992.82,907.69,29.25,14.38
509.0,63.54,169.13,296.26,26.2,1148.37,674.09,257.11,72.23
460.49,88.11,165.68,250.47,19.72,1174.22,881.15,176.03,62.21
365.92,5.29,155.84,155.02,0.07,893.16,986.08,152.92,61.67
240.05,254.15,105.09,266.01,0.94,933.28,797.79,275.36,66.34
,,,,,,,,72.29
529.46,279.09,54.77,288.71,19.9,825.26,701.91,206.36,67.5
152.92,428.93,120.48,164.32,37.54,1168.64,659.67,257.4,71.42
579.9,343.89,125.19,206.7,20.24,850.05,790.04,133.19,62.61
132.4,37.46,14.69,295.81,11.97,1104.18,691.71,354.87,76.79
599.02,31.72,150.06,245.22,4.76,843.08,716.92,43.25,64.87
,,,,,,,,68.95
633.06,432.18,101.71,254.49,16.26,1153.13,952.27,63.22,53.51
481.5,117.39,221.25,236.53,1.14,943.66,694.3,147.47,54.59
150.19,415.88,226.88,271.08,18.19,1036.93,980.71,271.17,71.48
588.48,403.91,188.26,278.19,23.07,996.12,709.89,180.07,42.98
491.62,274.13,64.56,172.11,20.95,823.8,891.01,216.33,47.39
479.46,0.0,0.0,234.24,0.0,964.72,805.74,43.25,44.35
394.82,400.91,175.0,191.03,38.78,834.9,972.5,39.78,49.8
283.88,69.94,31.91,297.66,37.99,838.17,964.06,288.17,62.71
407.84,317.78,113.06,230.86,16.33,872.17,782.35,225.41,64.06
486.29,116.55,64.22,224.7,12.12,934.21,866.33,375.27,56.23
293.35,217.7,243.16,295.62,34.93,1015.44,936.5,184.1,46.7
348.78,274.91,67.08,262.73,8.99,1018.07,676.34,18.16,66.76
419.24,11.69,214.76,274.49,13.47,853.02,663.84,137.21,76.37
301.6,424.73,120.83,289.54,27.17,1141.8,885.13,98.39,51.64
159.25,250.4,103.04,270.71,21.45,909.52,908.51,224.29,66.28
537.88,228.42,100.25,297.83,38.91,1043.67,968.02,91.09,56.34
239.39,273.38,106.77,150.27,32.87,1031.3,865.43,370.44,70.74
623.11,147.22,80.85,153.82,8.07,1043.98,654.93,300.88,68.47
448.49,75.54,198.73,240.59,5.8,872.01,898.51,198.36,62.27
282.43,24.75,103.51,169.14,11.6,1171.15,787.31,136.91,32.41
400.32,356.27,70.18,181.03,31.2,972.26,987.38,144.58,79.88
265.91,14.33,174.25,256.62,2.68,1150.47,890.43,268.04,49.14
282.66,327.26,14.65,216.15,6.07,1164.56,795.98,215.31,73.05
377.33,67.91,79.96,279.77,24.62,903.28,935.51,298.0,51.57
292.31,438.47,0.0,226.55,0.0,965.74,681.33,43.25,44.17
403.82,0.0,0.0,234.24,0.0,1051.28,842.05,18.25,16.03
188.86,223.75,0.0,235.83,11.1,1074.26,714.56,43.25,20.48
172.71,362.14,172.27,236.36,28.76,956.11,762.42,250.7,71.84
463.6,115.9,0.0,278.16,0.0,955.9,609.23,285.25,46.09
306.71,0.0,144.33,229.97,7.08,1054.77,777.13,43.25,33.21
434.62,23.76,184.73,266.12,37.12,981.28,799.05,116.7,57.88
191.94,340.79,179.46,280.35,20.13,978.25,989.85,175.87,71.9
182.15,230.51,163.21,171.54,8.43,976.52,648.68,379.18,74.51
269.49,394.58,122.29,153.36,18.8,939.92,700.33,356.99,51.38
517.27,175.41,62.17,173.9,37.61,1107.02,751.57,34.15,79.44
623.25,181.99,125.87,283.8,23.47,1138.9,856.31,141.08,48.87
,,,,,,,,50.53
424.26,119.6,128.74,293.94,7.44,1014.88,856.67,132.08,39.95
649.2,35.65,220.7,155.67,11.65,1076.6,789.63,66.03,64.32
615.12,78.81,161.78,243.05,34.93,974.0,684.98,214.3,73.06
203.23,96.51,192.78,262.88,17.39,995.72,923.88,206.16,54.34
568.4,362.82,207.31,203.99,5.51,936.75,677.8,291.75,71.42
197.05,217.23,222.07,286.19,24.35,976.72,660.58,53.22,48.77
362.19,229.2,94.3,279.85,30.79,1039.86,773.53,130.82,59.58
214.04,262.79,135.28,256.44,16.42,832.73,945.37,206.6,68.45
548.31,165.51,200.45,299.96,19.28,1023.0,631.93,225.51,64.94
242.46,294.42,6.63,299.8,31.37,975.05,721.77,359.71,64.72
344.53,187.27,96.65,298.26,35.37,920.21,850.28,214.11,65.63
425.92,127.59,87.9,197.96,20.01,1149.08,764.52,85.63,65.9
236.82,331.17,35.7,217.27,28.85,1107.4,631.63,48.59,72.49
546.2,169.45,18.62,172.33,24.95,947.64,737.13,218.95,64.31
287.03,389.86,7.59,299.1,2.44,1173.26,987.42,304.68,28.5
425.78,0.0,0.0,234.24,0.0,1073.85,826.67,22.25,20.31
552.23,30.0,67.8,234.72,37.04,1116.97,637.69,53.14,51.37
649.68,50.8,229.19,185.71,37.56,925.52,849.37,242.79,71.4
511.23,122.32,148.1,213.18,2.52,999.69,864.28,39.0,43.26
261.45,183.7,100.55,162.59,8.32,1032.29,901.25,328.09,75.55
445.14,92.52,154.14,159.17,39.05,1158.29,918.32,17.89,75.12
203.22,240.65,127.17,226.02,35.37,1007.78,635.36,228.92,67.82
180.81,117.02,183.52,250.62,10.28,929.9,976.5,282.22,54.72
356.18,348.58,21.56,245.86,38.25,1074.19,800.87,275.7,69.04
612.68,365.68,63.83,196.84,8.0,880.91,1006.54,313.94,72.96
337.87,92.35,174.4,265.44,19.99,878.48,789.4,193.2,42.82
354.04,236.07,0.0,226.55,0.0,1023.79,722.36,22.25,24.48
647.15,179.05,124.02,232.08,30.24,1010.41,711.03,23.06,57.92
318.42,122.0,95.16,245.22,10.98,886.15,780.51,43.25,36.29
179.33,344.41,234.7,174.01,16.06,1137.07,634.67,315.66,49.07
246.08,185.22,135.45,198.77,28.55,1101.57,776.1,102.53,78.11
,,,,,,,,65.71
458.72,0.0,0.0,261.81,0.0,1029.23,781.95,115.25,48.23
587.91,218.26,165.39,220.09,3.87,882.08,756.95,344.06,49.67
360.64,146.95,9.25,251.33,32.11,1012.18,999.39,43.9,73.62
616.26,182.87,196.82,252.05,0.34,1065.14,1014.68,360.75,70.84
,,,,,,,,63.0
550.54,400.3,53.57,185.66,27.71,1165.77,616.89,51.35,52.57
626.66,126.69,157.9,177.53,3.94,959.61,930.86,218.06,54.49
133.76,127.93,192.56,217.14,26.35,859.14,707.38,70.11,61.46
584.48,93.24,130.13,175.23,34.23,1071.22,871.83,49.04,69.04
598.78,416.93,219.64,268.72,9.49,1075.96,702.2,41.87,72.53
414.02,246.62,145.96,160.3,23.99,1020.94,632.92,150.56,60.61
383.1,162.0,206.08,209.6,1.03,965.22,932.59,133.59,40.84
523.15,28.45,43.19,187.5,9.96,852.7,924.8,228.91,67.94
305.0,0.0,116.75,234.0,6.47,973.23,879.18,18.25,9.51
373.81,309.31,183.12,193.36,38.3,912.67,809.4,321.74,55.64
203.74,228.14,237.9,225.7,8.54,921.03,652.31,43.25,26.76
420.9,35.93,148.99,154.76,2.12,1115.21,903.94,323.01,67.77
365.0,304.33,43.08,241.13,7.14,963.95,875.45,286.15,66.39
329.17,228.03,60.29,177.72,9.87,1140.67,741.04,176.01,46.28
329.45,218.35,35.0,207.44,16.86,952.73,644.64,30.79,70.2
429.65,250.38,126.78,250.49,11.11,897.82,891.98,60.75,49.67
268.01,261.1,157.87,281.42,38.58,942.96,761.62,280.07,71.24
380.77,395.95,22.27,209.84,13.4,1023.25,851.82,336.11,55.32
534.08,61.43,140.14,258.66,9.85,1079.47,729.21,56.52,52.83
371.15,372.86,227.1,257.44,36.38,1107.97,1004.71,177.32,49.01
294.78,287.65,196.89,205.31,6.67,1148.01,625.52,356.69,48.28
440.14,390.17,151.07,185.05,8.36,843.38,925.42,246.85,69.56
413.58,0.0,0.0,240.34,0.0,992.82,801.03,29.25,30.28
144.37,41.67,181.56,281.44,6.5,969.21,951.3,253.02,68.04
304.85,207.03,197.26,198.18,4.96,979.69,782.49,103.0,68.91
595.51,109.19,68.4,256.0,32.44,1106.02,888.93,281.66,57.95
316.45,224.44,65.95,228.88,32.24,886.93,1000.9,252.05,73.61
224.36,149.57,0.0,248.27,0.0,983.79,820.51,18.25,5.49
267.06,0.0,151.4,193.37,13.79,1106.36,815.28,43.25,33.85
549.62,364.76,138.16,158.09,27.2,1140.85,937.5,102.88,62.49
289.14,112.24,86.62,301.34,7.32,874.87,712.82,43.25,32.07
639.49,216.82,145.83,172.62,4.55,881.27,898.13,176.96,38.86
510.96,322.52,222.62,157.29,23.5,1121.08,985.08,256.74,70.67
536.51,151.44,233.93,166.31,29.65,1128.59,790.25,25.51,65.53
350.51,147.01,114.56,228.87,11.22,927.59,713.74,43.25,49.06
489.45,126.52,212.07,247.86,38.34,849.18,823.4,88.65,50.96
306.71,0.0,144.33,235.34,7.08,1070.36,773.64,18.25,13.42
359.74,247.28,111.81,226.86,30.32,1171.27,914.42,248.51,64.4
143.8,277.58,201.81,250.18,8.5,1013.81,661.48,134.62,81.76
482.42,92.45,187.27,189.62,34.24,1073.27,889.01,378.57,51.55
222.69,303.68,57.34,212.73,20.25,1097.29,746.7,99.1,49.78
544.12,29.28,96.38,197.64,14.15,991.79,730.26,43.25,49.75
635.21,133.67,104.21,291.47,21.97,1161.75,939.96,331.26,75.42
127.2,302.82,217.95,262.35,31.78,839.82,654.92,223.6,67.94
208.12,404.53,202.19,200.1,8.89,970.76,722.32,347.77,54.46
139.45,353.37,122.19,260.38,33.66,1117.5,796.39,119.75,21.54
432.32,404.52,79.48,268.68,16.66,882.26,654.79,248.85,56.57
609.42,8.39,45.32,226.38,14.32,1034.93,712.86,359.05,62.64
405.39,32.5,198.38,173.7,2.91,835.13,649.08,356.21,69.58
623.45,190.51,19.15,256.22,26.03,1052.63,646.38,125.12,65.08
453.04,254.34,55.21,219.77,13.28,1066.85,634.92,367.73,33.8
542.87,177.52,73.81,181.35,5.95,884.66,948.63,150.62,68.17
411.68,259.67,1.91,280.19,30.12,1156.36,951.01,246.02,77.86
509.77,340.47,159.36,251.42,14.11,1068.79,880.31,22.46,76.22
564.79,318.15,234.93,166.89,10.72,1104.4,883.64,90.14,22.78
459.62,31.73,80.57,152.58,0.31,1146.14,766.26,62.18,75.07
439.49,426.44,224.38,148.94,15.56,934.61,953.43,298.57,72.04
489.47,83.21,89.51,294.18,26.1,935.1,894.43,200.52,70.13
597.38,281.49,58.16,219.39,8.03,1164.42,846.0,220.81,58.03
485.34,6.45,149.91,158.53,26.83,859.69,663.97,75.86,49.91
457.5,0.0,0.0,226.92,0.0,1064.62,777.44,43.25,42.8
428.58,217.9,9.58,165.51,20.96,1028.02,665.92,306.07,71.9
651.05,30.8,216.67,202.86,34.81,1164.48,837.2,180.55,50.98
209.59,97.8,43.91,284.37,29.47,1080.97,801.56,295.79,74.43
617.76,210.39,119.31,247.35,3.18,951.18,633.84,30.78,71.1
654.9,66.56,36.45,192.96,23.7,895.29,901.49,136.78,52.29
147.11,297.23,182.9,162.5,20.26,1046.41,684.41,219.7,76.24
161.59,33.09,213.41,173.9,19.31,1131.42,697.74,170.52,76.35
,,,,,,,,67.38
254.4,17.47,87.45,281.96,10.14,959.93,912.03,91.77,44.36
620.97,111.38,134.01,235.26,7.56,1044.75,933.63,305.51,71.65
610.17,145.25,93.6,231.89,2.52,1016.12,913.01,362.3,66.27
350.92,94.02,163.56,238.38,33.22,1098.26,841.88,332.54,78.27
488.23,264.69,69.99,236.96,15.25,1101.27,774.73,311.95,14.91
420.2,167.26,196.41,171.89,8.53,971.21,638.86,166.22,53.37
435.99,61.74,75.2,181.33,32.8,897.06,814.71,62.15,37.16
309.27,233.61,204.33,202.41,10.93,949.77,992.14,62.76,75.23
218.07,98.22,24.36,285.67,30.9,1039.93,940.94,277.97,29.26
383.45,302.37,100.61,272.78,20.67,1040.72,630.91,174.5,78.25
424.28,344.41,11.0,222.16,24.95,832.69,739.12,221.16,74.23
596.24,247.81,236.8,230.93,1.03,990.88,896.29,220.36,63.35
332.32,289.91,119.41,224.08,5.55,1117.42,609.75,231.91,63.48
290.6,193.74,0.0,226.55,0.0,1067.28,753.13,22.25,17.57
610.75,302.02,80.62,157.86,31.8,859.84,689.82,281.78,50.37
635.54,59.18,125.6,267.76,27.89,1136.56,890.9,225.69,70.53
434.53,341.85,177.37,297.38,1.44,858.72,637.07,363.08,71.15
396.44,254.59,160.53,249.57,3.79,939.57,866.83,341.61,68.97
467.27,85.2,234.01,294.36,23.32,903.48,779.87,277.29,72.3
632.98,243.32,121.63,186.55,38.94,1167.36,809.52,320.13,51.59
536.61,140.47,36.51,268.75,9.64,1168.97,839.76,141.15,73.07
314.79,223.94,165.61,155.94,17.18,1102.11,763.8,323.86,72.54
428.4,106.42,204.66,193.2,22.68,943.18,826.87,226.65,72.79
252.1,205.08,196.1,168.65,23.18,999.34,1007.06,122.66,64.77
124.44,186.66,0.0,234.24,0.0,909.74,966.15,43.25,19.35
417.24,46.36,0.0,278.16,0.0,955.9,687.18,105.25,56.52
390.47,300.01,208.55,294.02,14.41,1125.21,901.67,80.34,30.48
145.62,112.39,76.86,248.79,10.63,1143.57,1009.91,137.93,62.26
243.82,121.96,185.62,270.58,30.97,824.56,621.86,310.43,34.9
306.23,283.58,188.81,177.34,4.22,1068.88,884.19,89.12,49.42
380.81,350.12,219.27,266.32,8.33,1069.55,777.43,208.01,42.55
584.59,71.34,188.54,268.5,28.38,1062.75,623.2,161.91,59.59
173.97,405.27,26.7,157.6,2.85,1059.7,660.65,151.38,55.79
200.81,0.0,183.49,221.55,14.27,1049.54,747.59,43.25,20.19
244.07,91.58,41.59,177.38,13.65,973.65,764.11,362.26,52.44
341.36,157.26,122.49,210.33,11.59,846.26,825.54,43.25,59.17
169.02,283.99,96.84,273.93,35.26,982.61,874.77,154.45,71.97
277.01,320.54,25.65,228.59,5.8,940.59,960.37,24.52,74.39
351.36,147.62,0.0,215.94,8.54,931.28,850.26,43.25,47.19
244.98,103.73,235.55,150.8,14.59,1075.13,866.36,18.81,64.42
425.78,0.0,0.0,234.24,0.0,1073.85,827.59,18.25,16.86
259.37,0.0,122.49,194.47,12.69,1029.54,926.97,29.25,28.41
421.82,52.65,40.69,274.25,9.49,836.11,702.86,110.88,71.44
647.27,117.97,130.67,278.88,5.4,1051.63,795.56,330.18,71.3
206.66,326.99,42.95,266.47,17.6,913.75,687.96,168.76,62.76
381.41,108.65,89.84,295.49,23.59,1042.0,846.76,86.9,74.13
334.27,403.88,198.39,275.18,8.14,1092.32,934.73,86.64,54.5
454.0,384.02,39.45,209.08,17.8,1094.24,857.16,178.86,51.58
652.07,322.92,4.76,231.7,26.65,917.24,673.55,334.19,63.59
584.1,168.45,24.45,180.89,9.92,988.12,777.57,85.05,50.46
579.5,0.0,0.0,197.64,11.59,1070.77,678.97,43.25,65.54
187.39,175.92,137.01,268.52,12.32,946.87,674.77,43.25,18.48
649.02,145.29,234.68,289.03,2.46,838.98,919.34,192.77,57.59
297.45,241.13,77.5,178.79,24.39,823.89,1017.93,91.3,63.54
330.12,197.11,176.21,172.69,9.51,1051.84,811.08,356.23,50.9
578.66,159.09,76.03,244.68,18.0,840.03,661.98,280.75,58.24
287.92,191.54,0.0,234.24,0.0,997.54,768.31,18.25,15.2
589.93,133.77,39.77,165.12,31.27,913.75,806.02,100.03,69.14
344.65,434.25,182.99,259.29,28.62,1166.29,683.3,243.25,32.9
508.04,210.71,117.46,201.46,21.54,1130.25,825.04,350.08,46.27
591.2,75.06,226.7,163.34,35.35,953.48,924.92,361.44,27.16
487.04,425.75,39.43,209.13,5.78,1115.19,904.82,313.87,43.64
513.18,185.53,40.36,249.49,1.28,1045.22,869.44,130.39,66.48
479.04,189.68,122.85,260.42,17.88,847.84,791.82,87.53,65.97
216.54,89.78,209.55,159.3,30.33,1033.36,619.73,329.36,69.43
544.75,2.2,85.83,208.33,5.09,1034.02,762.32,35.43,77.62
589.72,218.61,108.43,256.35,27.07,1166.71,792.12,141.4,69.03
657.46,165.85,6.4,226.39,12.26,827.21,941.5,225.41,67.04
232.17,0.0,152.74,197.52,12.08,1116.0,823.18,71.25,43.19
556.47,75.98,128.28,293.82,35.14,870.91,747.82,169.53,61.13
544.12,29.28,96.38,197.64,14.15,991.79,730.26,43.25,63.87
613.13,150.99,85.09,293.84,34.27,827.57,908.0,307.62,66.67
568.08,194.58,53.04,169.45,17.25,1152.43,983.54,375.15,63.04
541.8,392.7,127.76,207.22,39.26,1002.17,959.71,93.71,60.25
166.41,197.15,153.48,209.35,12.69,946.26,784.0,43.25,32.56
362.78,213.17,150.73,207.86,24.07,1173.07,870.46,228.88,61.91
217.16,158.36,144.69,219.48,4.39,1033.13,765.95,29.25,38.35
601.69,299.47,136.48,219.25,6.98,1090.74,981.08,334.65,66.88
551.64,223.53,44.19,284.99,13.01,906.23,955.26,39.66,37.2
154.53,99.62,61.85,166.33,2.29,872.63,760.84,285.55,72.29
486.61,372.97,92.31,247.54,33.48,1131.51,989.28,113.02,50.44
320.75,266.61,15.14,180.89,21.76,1047.07,984.81,260.57,39.66
596.68,408.06,242.29,217.77,7.29,1028.58,720.96,20.13,60.72
654.96,40.21,233.95,171.68,0.55,919.13,705.0,155.32,77.3
407.27,87.63,143.74,204.53,0.9,979.72,1008.04,53.6,74.33
638.97,81.75,30.25,289.24,22.65,919.77,851.03,292.14,23.34
402.37,327.28,131.84,184.43,15.25,1086.18,953.33,58.64,24.32
363.57,172.23,82.63,278.16,0.41,1073.21,886.37,318.43,74.05
210.33,16.59,210.33,191.3,5.0,1032.1,878.36,115.25,42.2
143.92,282.85,31.81,256.9,7.12,1012.98,645.71,189.3,77.92
272.17,57.03,210.8,176.48,0.88,999.72,842.41,45.62,62.54
200.46,157.56,187.38,245.17,13.73,1024.0,812.78,353.15,76.48
210.31,95.51,54.7,223.96,0.2,1162.39,796.83,202.54,72.38
360.6,386.5,163.22,176.56,29.33,864.07,700.87,297.94,50.45
145.11,295.56,130.77,174.02,38.47,1135.73,971.88,139.24,56.73
654.59,242.71,239.58,189.91,31.78,1010.49,701.51,171.28,60.79
281.81,434.4,160.6,254.77,17.47,976.62,926.06,186.62,57.83
505.56,78.06,128.05,286.17,9.43,911.24,640.63,27.21,50.11
503.24,226.69,218.48,278.45,24.77,915.57,707.43,298.95,50.55
593.83,427.13,14.53,239.86,1.9,942.19,808.84,105.56,42.73
137.96,260.64,158.5,159.79,14.6,925.14,762.81,267.51,64.89
307.56,118.46,92.23,236.44,10.13,856.92,842.46,43.25,37.41
257.77,339.34,187.57,300.86,12.31,933.2,793.68,353.79,64.59
651.49,144.0,97.24,215.27,0.19,1112.88,1010.74,27.29,56.4
450.26,203.7,205.1,275.75,26.7,1003.15,860.75,50.33,69.29
328.46,190.03,68.35,158.73,29.49,1127.73,704.69,178.61,71.76
212.42,401.24,102.87,280.17,37.09,1052.3,829.01,283.71,58.57
,,,,,,,,52.22
211.67,61.12,211.67,201.06,7.93,1032.0,813.85,115.25,62.79
,,,,,,,,71.74
394.57,223.81,115.3,222.06,36.94,1043.6,656.41,355.63,26.86
591.7,0.0,0.0,178.12,0.0,1148.72,820.51,43.25,80.63
534.47,77.22,20.79,163.98,33.27,985.27,956.11,41.3,71.94
549.93,384.62,71.94,205.53,13.01,979.39,701.84,306.24,40.62
258.5,131.21,120.49,264.38,29.02,1014.25,725.91,25.49,54.56
443.14,201.64,151.16,261.37,36.41,1166.45,970.49,347.5,77.05
579.5,144.94,0.0,220.94,10.86,873.95,801.54,71.25,80.98
581.28,314.44,54.28,180.44,7.1,936.46,924.42,103.45,55.98
290.7,375.23,124.69,270.96,31.29,1134.27,997.24,79.89,36.3
439.58,217.06,199.92,206.89,19.78,1069.14,1011.89,183.83,75.21
147.87,262.56,96.54,238.37,3.29,888.34,942.89,285.64,51.11
613.38,70.0,97.42,282.31,6.01,942.02,833.64,378.29,70.87
222.04,55.14,148.84,207.64,10.0,1086.56,800.72,43.25,35.02
641.26,435.49,78.05,294.95,23.83,1157.68,619.57,78.33,64.19
448.25,154.12,101.47,282.87,5.3,1070.04,840.41,298.37,69.76
252.64,185.67,6.97,247.77,36.73,969.0,617.44,133.62,55.29
543.04,250.97,100.34,219.01,25.04,872.91,665.88,251.35,70.61
498.4,276.04,166.14,255.8,31.76,1075.42,921.83,310.31,43.42
604.76,411.08,122.22,214.33,16.19,1065.83,936.1,234.11,31.99
631.0,67.73,123.13,277.26,33.47,949.98,730.01,144.22,45.27
347.69,175.03,72.41,249.51,14.32,1075.06,689.32,348.05,59.79
236.85,286.57,205.93,151.38,5.61,1072.24,963.34,55.51,46.82
423.36,63.76,152.56,233.6,22.92,1128.48,922.42,201.09,69.48
649.26,263.5,153.07,245.14,11.51,1110.38,748.28,222.31,63.45
282.27,71.6,236.71,288.38,31.24,1037.34,825.36,44.86,48.27
654.65,282.26,56.89,157.4,17.06,1022.43,992.14,332.33,71.84
629.36,318.11,4.48,199.3,3.31,1169.69,702.51,83.14,39.69
316.92,190.82,169.18,171.56,18.94,1052.86,819.54,20.32,66.75
155.99,260.76,107.13,259.22,13.34,900.88,1003.79,57.33,53.16
195.2,156.16,148.84,222.04,7.81,845.13,901.54,43.25,44.13
606.98,17.99,208.92,166.91,19.05,1084.65,651.57,30.86,70.81
433.28,255.62,6.13,235.93,37.04,1157.36,620.56,33.62,68.4
323.33,182.24,67.0,248.26,17.9,1131.96,683.03,371.43,70.06
415.1,422.67,158.25,203.73,13.25,841.59,903.09,227.85,71.66
128.54,159.28,129.8,198.07,5.55,1013.22,920.95,271.98,73.35
605.73,269.72,240.64,282.29,25.7,853.37,749.0,358.42,69.1
500.71,373.81,9.54,215.06,30.99,1148.84,780.94,33.72,35.02
565.09,82.52,239.02,236.85,25.57,840.17,692.9,337.45,65.86
472.79,172.57,11.27,273.75,24.97,947.01,619.63,240.06,76.89
475.24,173.74,159.27,206.92,34.25,857.7,867.58,240.8,38.53
593.89,259.38,158.25,282.99,22.04,941.78,695.44,379.58,60.69
499.48,57.06,145.16,253.17,28.7,1104.77,918.57,44.14,74.13
167.37,48.64,210.29,293.12,31.69,849.85,611.23,74.04,33.93
352.58,0.0,0.0,234.24,0.0,936.62,918.26,43.25,28.64
258.96,260.55,31.36,192.45,28.6,1080.75,935.67,156.5,67.56
133.87,95.11,166.13,296.99,36.89,1114.62,622.57,172.12,31.48
153.82,176.62,33.31,253.55,3.96,1025.17,853.56,290.73,72.18
204.96,51.36,199.84,148.6,6.95,1085.85,800.1,29.25,19.96
442.37,230.58,0.0,201.18,14.15,968.92,775.18,18.25,39.54
305.37,438.45,206.2,168.87,3.65,858.05,830.3,32.75,57.95
415.96,413.67,210.77,183.51,4.84,875.72,923.66,344.94,54.53
396.96,30.93,156.61,190.99,3.24,1018.66,780.32,34.47,57.8
578.06,434.25,200.04,271.68,23.62,1121.16,698.49,110.28,49.47
346.34,143.05,113.4,203.53,7.28,928.46,988.02,172.35,72.4
304.34,109.76,39.82,165.3,15.6,1036.97,704.98,201.65,59.93
445.23,366.4,158.83,254.03,18.97,1140.93,817.88,378.22,43.24
259.71,420.72,225.78,260.75,24.78,1079.9,661.29,351.91,69.18
159.86,194.75,223.71,223.21,37.26,992.09,617.4,193.59,59.01
248.19,74.44,98.54,236.12,21.59,990.59,939.98,58.2,34.64
517.28,26.84,161.04,217.16,10.37,843.08,769.23,71.25,73.58
197.03,221.51,222.97,261.91,20.11,946.33,788.52,199.7,70.1
168.74,150.17,194.58,248.32,14.06,1047.97,733.37,252.44,58.89
504.77,138.3,160.49,166.14,23.94,901.11,791.24,251.99,63.67
521.55,57.95,0.0,278.16,0.0,955.9,609.23,380.25,48.94
521.55,57.95,0.0,278.16,0.0,955.9,609.23,43.25,41.92
642.34,52.35,13.19,182.82,35.25,1053.6,896.34,113.65,69.18
360.0,399.14,168.96,298.25,13.09,1003.36,824.09,89.8,69.3
208.12,42.08,126.08,165.92,12.06,894.75,921.92,372.71,60.34
623.59,340.07,172.74,262.04,3.1,908.45,706.51,153.38,48.16
221.72,49.31,128.02,231.17,35.94,1150.08,728.04,350.92,46.98
141.1,292.55,6.9,194.83,11.78,849.78,667.28,30.58,46.84
555.96,429.03,142.64,281.79,17.9,1123.22,692.34,349.89,62.3
571.6,96.55,168.54,156.68,21.76,943.46,708.06,332.9,74.9
,,,,,,,,73.42
442.37,230.58,0.0,201.18,14.15,968.92,775.18,43.25,79.86
414.32,328.95,177.21,161.08,10.43,1126.32,937.88,33.89,48.31
479.49,412.07,16.93,238.69,3.2,1076.03,659.5,53.43,70.45
522.37,413.47,120.99,175.38,6.41,997.38,657.97,305.08,54.38
363.32,167.38,130.42,245.59,7.32,900.92,672.1,43.25,59.94
625.3,326.23,126.8,161.25,11.25,1169.51,989.34,88.25,69.72
280.23,0.0,144.2,238.14,7.44,1054.46,777.03,29.25,25.0
285.24,0.0,115.41,241.44,5.61,971.28,874.05,18.25,11.63
132.15,28.88,57.89,230.68,30.63,1153.8,891.07,230.17,39.81
549.78,316.47,78.79,254.07,9.88,1059.42,867.86,364.94,64.26
196.17,176.13,132.58,151.69,16.39,906.17,986.25,34.43,44.28
151.66,413.07,74.73,225.62,31.43,1142.82,975.44,377.39,58.09
610.0,0.0,0.0,244.0,0.0,1153.85,628.72,285.25,61.78
242.29,161.53,0.0,234.24,0.0,1003.49,846.67,22.25,16.4
243.95,183.47,79.76,284.53,23.94,828.4,731.62,110.08,59.6
581.02,395.47,200.18,176.24,1.07,1059.64,625.58,33.36,52.01
359.96,64.17,139.23,155.32,25.91,1109.21,832.19,161.13,52.59
280.6,0.0,144.33,238.51,5.61,1055.79,778.05,115.25,39.58
531.56,293.18,165.18,266.04,24.84,870.77,912.33,212.6,70.73
139.36,284.24,157.45,242.4,20.73,1098.64,690.59,208.72,48.57
170.01,338.15,228.99,299.41,33.9,827.3,838.68,43.86,67.39
298.78,161.97,213.35,282.23,21.58,960.02,859.03,371.59,68.88
214.44,138.05,62.58,269.01,17.97,841.85,739.99,86.3,31.76
196.0,290.73,48.89,205.99,11.77,1126.42,954.59,255.86,69.1
538.89,304.98,211.94,206.94,5.99,1102.76,943.98,229.91,27.55
266.45,62.15,25.49,298.16,38.45,976.26,910.51,355.03,53.3
,,,,,,,,59.71
518.5,129.69,0.0,187.27,20.13,873.95,909.85,22.25,55.1
310.08,405.98,48.73,295.08,7.03,935.45,801.5,54.54,66.33
393.07,329.53,232.68,229.23,27.65,1020.03,769.63,169.12,57.0
400.66,4.94,159.15,205.68,4.18,978.76,901.97,188.96,73.39
472.14,24.4,114.68,191.54,14.15,962.05,866.67,43.25,52.28
359.02,189.61,100.64,201.22,37.93,901.56,703.07,288.03,70.94
214.58,245.43,178.58,259.94,16.04,870.02,773.26,158.26,74.8
575.35,273.94,117.33,247.32,20.82,936.92,932.31,218.55,79.71
258.76,0.0,148.35,219.97,6.95,1084.72,799.28,18.25,13.97
237.53,0.0,122.61,202.03,9.15,1032.21,929.13,29.25,27.99
249.88,20.66,136.78,230.07,23.52,847.7,875.47,275.51,68.58
419.41,437.94,117.85,283.77,15.62,821.98,618.32,95.44,63.0
540.4,410.73,57.93,154.9,13.91,840.45,725.12,74.65,36.18
249.41,135.15,71.61,226.01,0.99,985.69,785.52,309.19,77.74
329.25,32.23,55.23,212.62,7.49,828.34,880.6,338.22,69.85
176.14,245.84,17.82,148.9,35.09,867.39,733.38,320.14,74.26
422.0,35.14,121.32,296.34,16.49,1029.31,891.13,349.42,37.33
658.48,398.26,162.48,162.15,7.76,851.16,612.03,292.93,53.31
220.43,316.17,197.67,281.96,24.81,932.33,789.33,206.86,29.66
411.74,159.06,20.62,148.95,9.04,1120.15,686.61,289.7,27.2
590.78,44.98,60.44,222.61,37.55,938.42,1015.71,323.44,29.04
407.2,219.61,161.3,252.2,19.07,852.54,624.28,229.35,77.23
410.65,176.15,106.28,221.94,13.5,915.87,629.2,145.32,28.56
155.55,55.71,206.52,196.85,20.71,982.42,750.36,301.18,71.5
521.55,57.95,0.0,278.16,0.0,955.9,609.23,105.25,46.52
423.06,11.52,240.94,232.67,28.03,979.59,991.33,168.15,59.34
336.97,363.56,152.93,273.52,33.18,832.64,786.06,174.32,71.22
208.02,263.86,156.05,249.9,30.17,1071.48,850.6,95.89,54.38
339.27,244.27,89.69,269.27,35.05,1041.31,984.44,16.89,47.58
339.24,190.69,191.49,163.66,31.9,1065.68,869.36,283.37,71.93
443.5,162.45,46.91,209.13,31.1,895.3,975.56,307.41,45.28
268.78,317.62,24.88,299.05,19.25,1028.6,935.65,100.46,66.54
178.19,66.13,63.08,226.08,14.97,1120.45,878.27,82.1,62.41
205.35,239.62,171.51,183.33,13.62,925.01,962.8,287.97,55.01
531.17,279.86,32.43,209.02,13.51,1114.06,916.92,338.36,41.54
280.78,219.13,241.53,151.01,5.29,933.81,1000.67,117.78,51.55
416.04,195.37,31.41,173.48,23.3,904.88,921.27,204.35,53.08
379.47,72.03,215.66,274.81,2.06,868.07,864.37,303.07,67.91
513.68,294.44,4.57,168.63,27.77,1164.16,651.41,92.5,65.46
140.65,388.14,208.39,281.26,3.13,980.0,749.5,330.0,74.71
392.84,0.0,0.0,247.66,0.0,998.97,820.51,195.25,33.14
363.13,275.14,216.67,247.41,20.45,1046.08,626.6,262.0,39.46
525.32,259.66,147.13,212.75,21.0,832.4,816.36,43.32,77.73
157.56,156.72,110.15,159.05,34.53,897.54,904.9,64.96,63.02
181.95,94.15,25.87,211.71,39.23,1037.66,754.77,90.31,70.06
367.47,408.4,192.55,298.89,12.75,988.41,839.03,73.43,39.53
,,,,,,,,61.15
289.02,111.87,87.23,301.22,7.32,874.77,713.23,43.25,32.07
594.3,241.56,3.27,289.24,3.19,859.14,641.02,160.41,56.83
457.02,67.32,32.76,160.96,31.66,1119.7,975.79,319.98,62.03
386.62,286.94,3.59,283.96,27.47,946.73,898.22,97.51,77.63
355.82,2.37,146.34,158.68,18.96,900.66,976.2,119.96,56.4
173.12,203.25,158.23,211.67,13.3,905.23,805.44,43.25,49.96
207.79,95.29,21.72,190.86,10.17,1054.3,859.46,198.18,77.65
281.65,243.83,211.57,298.59,3.27,886.41,915.98,155.16,58.15
378.2,0.0,0.0,234.24,0.0,994.87,871.79,22.25,16.79
174.39,260.68,100.41,230.4,14.99,973.9,881.52,45.9,66.29
272.41,339.4,193.47,181.23,8.85,934.13,701.05,274.36,73.52
419.29,132.26,179.49,283.39,32.55,836.11,799.15,49.38,75.16
336.87,82.32,40.99,153.02,16.78,1158.14,952.63,95.64,72.96
372.47,248.27,0.0,248.27,0.0,990.15,647.18,18.25,15.84
380.54,302.44,108.33,266.44,35.68,1095.04,764.33,313.36,69.69
380.23,411.04,129.33,204.0,34.55,934.52,830.89,122.63,69.37
316.05,7.82,211.29,256.39,15.19,1150.14,924.9,376.4,73.02
294.1,162.02,226.37,290.25,29.55,1017.21,972.09,111.99,61.18
346.48,18.3,172.02,218.38,6.71,863.59,821.54,22.25,27.03
400.7,42.05,127.11,226.85,37.66,953.39,920.79,356.83,69.86
552.29,406.66,65.8,191.53,10.49,1086.12,817.23,376.78,74.78
442.37,230.58,0.0,201.18,14.15,968.92,775.18,71.25,86.58
,,,,,,,,64.99
302.41,421.16,74.44,234.8,12.62,1129.64,884.79,363.38,40.38
424.91,355.77,43.11,171.08,10.61,1045.7,994.11,31.01,65.38
246.44,13.42,172.02,251.32,2.07,966.15,821.54,71.25,26.04
324.59,59.99,136.33,253.56,6.21,841.54,916.98,377.23,68.56
621.85,58.64,9.86,199.79,12.96,1110.01,927.18,69.65,63.31
366.0,0.0,0.0,224.48,0.0,1102.56,815.38,22.25,17.45
198.27,367.19,179.3,161.69,13.32,897.84,842.27,119.16,68.58
579.5,0.0,0.0,278.16,0.0,955.9,609.23,285.25,47.19
407.8,215.91,189.72,155.01,13.82,1142.32,989.17,259.75,70.92
605.69,11.2,135.21,251.02,22.29,830.95,773.91,277.43,60.04
311.1,120.78,93.94,230.58,7.32,942.56,768.21,43.25,37.86
393.45,181.29,0.0,226.68,10.37,975.38,727.69,43.25,58.72
427.0,0.0,0.0,247.66,0.0,998.97,794.87,22.25,20.31
611.58,155.55,153.91,179.23,29.68,1115.35,756.16,23.67,56.68
650.07,363.08,55.56,237.15,21.98,857.25,704.21,343.84,61.67
204.23,158.48,156.89,214.11,9.52,1032.1,765.74,18.25,16.73
346.48,18.3,172.02,218.38,6.71,863.59,821.54,71.25,49.86
202.19,437.71,118.62,233.76,24.55,1120.71,982.05,220.68,60.28
431.58,218.57,214.87,289.48,15.56,995.86,674.98,257.31,49.76
355.73,129.0,26.31,155.38,30.33,1039.08,786.59,86.31,71.89
321.14,195.12,39.48,180.85,17.56,1080.01,980.58,145.09,70.71
167.24,54.59,21.77,200.18,30.38,1009.61,684.91,44.68,73.19
351.59,9.82,64.81,286.95,34.74,1122.93,841.29,150.21,55.07
338.18,119.32,29.89,196.05,13.66,1088.92,802.56,43.25,70.72
464.82,257.37,51.8,241.86,21.36,1017.44,880.96,104.21,61.34
215.36,374.03,178.7,251.36,33.88,1074.04,928.04,37.59,58.83
377.46,14.27,208.35,193.25,32.95,852.85,653.47,306.45,33.98
528.72,39.16,170.38,208.87,8.13,1093.5,773.57,196.26,53.37
371.21,395.4,136.71,219.27,19.49,1047.98,842.31,342.08,71.29
211.06,141.52,0.0,234.24,0.0,971.08,878.77,105.25,35.95
638.37,212.57,48.28,168.31,11.05,1097.52,1016.87,285.35,65.22
648.19,0.0,0.0,173.0,34.4,873.95,916.62,71.25,65.86
248.27,372.47,0.0,248.27,0.0,988.1,646.15,18.25,10.71
354.7,342.7,167.83,182.41,0.42,1102.34,942.06,36.37,48.6
655.13,434.48,58.88,235.84,6.77,1011.4,766.34,198.89,59.7
321.14,224.21,23.07,160.16,32.51,941.83,699.7,319.3,70.85
481.56,389.74,172.41,184.83,22.91,903.15,640.28,264.4,77.33
191.54,287.92,0.0,234.24,0.0,959.38,801.23,105.25,48.59
427.31,296.89,51.9,291.27,31.63,1059.05,994.14,336.62,52.46
154.37,242.81,62.72,157.29,20.81,1109.52,874.48,112.37,50.09
528.09,158.71,60.81,222.63,15.29,1114.74,642.54,231.85,70.38
329.53,407.04,212.94,244.09,3.63,1035.82,855.92,225.52,59.17
278.18,418.0,112.81,292.71,4.08,831.49,646.6,49.07,76.95
300.11,387.47,127.53,148.71,5.03,1106.27,879.95,153.78,47.9
393.98,282.36,201.72,297.56,11.73,1012.75,806.62,92.4,56.47
335.62,0.0,148.11,194.59,12.08,1080.62,797.44,43.25,57.49
344.34,366.71,106.73,225.41,2.28,1044.48,735.45,250.64,65.22
337.65,411.63,110.58,241.61,15.84,1008.54,699.09,324.99,72.18
164.34,176.31,161.06,217.15,8.35,825.9,629.58,29.4,65.68
587.0,241.66,115.95,250.39,13.89,1001.67,760.01,229.42,36.47
260.71,119.68,29.89,221.67,8.42,1093.13,805.54,115.25,60.37
275.99,178.11,127.58,165.53,37.15,1157.99,682.18,325.92,70.74
282.3,35.2,64.56,156.56,18.92,1058.42,879.73,284.83,54.12
,,,,,,,,69.49
258.54,246.77,118.32,272.8,21.09,845.59,805.74,294.55,59.3
336.03,80.47,43.99,179.31,30.79,923.37,1017.54,287.15,69.49
524.11,366.19,44.81,183.46,27.44,977.15,993.83,320.55,71.51
607.0,371.48,135.06,168.85,10.5,1107.78,1004.91,148.61,58.77
456.43,4.62,150.61,245.74,35.16,847.31,945.18,62.62,57.09
511.2,226.4,58.9,262.97,36.2,1095.58,997.52,186.11,54.65
554.4,193.44,205.91,182.42,38.86,905.07,733.82,355.94,65.02
454.95,155.57,5.15,256.43,25.48,831.17,821.7,156.07,46.96
314.76,12.31,200.54,219.62,39.15,1139.15,999.31,268.91,34.78
651.21,392.19,19.95,173.51,5.23,1028.39,638.16,294.0,73.75
396.5,0.0,0.0,224.48,0.0,1090.26,803.08,43.25,34.24
253.03,102.62,142.64,201.4,33.58,823.73,935.34,343.61,65.27
267.06,0.0,151.4,193.37,13.79,1106.36,815.28,18.25,17.18
473.73,97.9,145.39,235.49,0.4,1171.49,660.63,49.44,80.13
483.38,35.49,49.19,293.89,5.58,886.0,755.35,201.42,48.39
497.53,90.86,71.85,292.79,34.57,853.95,777.58,179.83,41.93
156.1,390.31,92.33,170.02,15.45,842.29,877.33,286.26,36.44
556.73,366.11,190.14,276.47,14.93,972.2,982.49,115.84,62.21
541.11,97.79,123.23,265.57,22.85,1035.69,735.41,262.84,74.69
514.6,438.32,73.17,226.26,35.02,1014.64,1013.92,176.11,36.76
611.47,93.38,200.07,236.4,34.6,993.89,652.63,122.7,46.52
258.64,0.0,152.26,193.98,9.52,1113.23,820.0,18.25,21.86
546.08,337.84,194.02,222.93,17.73,1055.3,933.59,315.46,22.36
160.89,235.28,204.35,244.07,14.67,971.88,790.22,88.06,56.21
196.07,240.18,77.07,149.14,12.1,1119.14,912.73,190.78,63.01
138.6,396.32,45.97,149.97,37.05,972.12,957.81,122.07,79.2
364.79,249.81,229.45,149.73,36.39,992.9,664.32,33.69,75.1
528.9,38.07,205.63,278.39,33.22,949.08,822.31,179.29,73.17
652.91,247.39,232.92,153.6,16.25,832.27,697.21,228.46,74.99
366.36,197.0,80.39,233.43,32.28,1029.45,863.12,318.18,66.54
203.51,86.59,116.73,176.46,25.03,1065.29,784.44,363.38,71.91
444.99,199.98,1.9,255.42,38.16,985.91,907.7,29.82,41.72
639.95,284.17,162.08,301.07,35.6,1112.74,952.46,95.37,56.47
289.04,184.71,237.48,202.16,7.28,894.96,856.53,120.8,67.15
469.76,261.36,108.8,150.45,24.09,1124.78,787.33,148.18,43.95
613.48,285.66,199.28,194.71,21.61,1005.87,696.57,327.35,64.79
307.07,32.77,78.65,248.63,4.06,845.57,814.76,213.38,34.22
475.78,289.52,184.7,276.71,28.06,1037.08,720.18,205.61,67.16
124.44,186.66,0.0,234.24,0.0,909.74,966.15,22.25,8.6
268.97,194.21,213.16,211.79,19.66,883.47,866.34,184.27,53.78
620.83,139.29,192.98,264.54,4.49,1036.13,667.76,314.74,47.61
258.99,285.68,196.07,216.88,34.41,861.86,656.26,260.43,77.99
266.2,66.61,151.04,171.78,14.52,1103.28,813.03,18.25,30.71
301.83,343.57,91.31,204.44,24.34,1021.61,880.56,45.59,39.13
412.47,108.28,21.05,189.77,30.62,1046.82,655.26,316.19,66.53
523.82,343.86,191.39,272.67,37.56,844.69,832.62,68.17,36.87
518.5,129.69,0.0,184.71,22.69,960.0,824.31,18.25,40.66
512.11,152.26,157.91,178.47,34.19,1023.65,627.17,331.18,62.51
457.77,407.96,230.43,169.11,33.87,895.87,881.71,302.48,73.54
208.12,180.62,47.71,186.96,3.26,875.0,885.52,209.67,70.11
424.63,362.85,161.14,266.52,2.79,898.75,629.45,259.69,48.91
178.12,211.06,0.0,222.04,3.66,1011.28,837.95,43.25,26.59
442.03,191.88,50.51,297.41,1.58,866.86,625.87,146.0,54.2
554.03,377.79,163.78,193.17,6.07,1119.6,1008.36,212.79,33.67
413.58,0.0,0.0,240.34,0.0,992.82,801.03,22.25,23.49
562.0,383.35,206.0,152.39,24.19,919.82,677.26,78.75,56.27
135.54,129.89,215.0,248.31,13.3,1009.94,895.06,319.79,70.95
299.99,276.34,42.15,221.05,30.95,1067.82,792.13,372.58,48.17
592.66,281.28,31.17,218.63,9.01,918.03,635.99,44.8,68.42
305.29,336.84,94.62,172.82,11.42,891.15,847.81,266.52,77.08
291.42,411.63,129.59,167.06,28.49,877.66,910.48,277.0,59.53
334.06,352.44,41.73,150.09,20.85,1143.52,912.99,17.44,66.31
170.08,249.17,130.74,285.22,12.22,881.0,972.56,348.42,68.5
210.17,219.96,53.85,161.97,30.05,1099.09,1001.04,178.75,44.92
268.45,21.4,194.27,301.14,36.22,1082.54,714.6,323.85,68.03
598.56,111.92,98.13,218.69,26.81,1016.55,839.97,157.22,47.15
195.2,229.36,178.12,247.66,13.42,850.26,728.21,43.25,36.78
532.62,94.79,34.01,229.27,35.47,935.28,662.84,232.71,69.34
173.77,251.09,206.88,205.65,30.77,1127.6,744.84,285.31,49.28
350.6,50.94,117.45,157.5,27.09,1111.39,773.11,335.42,69.64
,,,,,,,,57.96
368.28,89.73,29.18,231.23,24.06,1137.41,687.85,301.04,44.7
351.36,234.24,0.0,234.24,0.0,955.9,736.21,105.25,56.59
471.17,414.53,139.87,217.54,36.08,971.92,761.0,334.8,75.12
337.94,0.0,0.0,233.02,0.0,992.82,877.95,29.25,23.81
148.35,226.41,243.53,268.16,29.74,1121.91,787.19,308.02,66.39
294.82,29.34,191.03,178.82,15.06,934.1,628.94,33.48,23.25
366.79,89.06,89.77,176.03,33.83,974.76,776.12,171.76,71.64
436.2,431.03,22.91,287.24,4.49,919.57,946.71,122.52,68.68
579.08,2.43,106.84,176.31,38.34,1170.45,681.75,51.65,71.24
442.24,386.19,137.19,186.43,21.53,1065.04,628.42,34.7,56.67
295.43,69.11,33.14,241.4,4.2,825.6,829.84,240.95,78.11
487.75,122.21,224.28,202.0,20.2,1167.29,955.27,242.23,49.37
414.5,391.49,42.03,233.05,5.47,902.21,787.22,27.02,74.03
581.43,155.75,132.13,226.9,8.11,965.03,798.92,227.15,55.36
256.03,402.53,232.21,150.65,11.61,1045.58,646.56,130.74,32.89
344.65,224.95,105.82,210.9,20.92,847.43,968.36,270.04,68.59
585.13,218.64,193.37,167.7,4.32,916.48,801.66,292.39,61.39
448.56,15.24,39.61,225.23,13.84,825.67,656.72,299.02,67.54
478.31,429.84,205.93,159.26,29.78,1014.63,908.97,229.26,63.41
413.79,82.07,197.85,213.93,13.46,1140.74,888.6,265.82,55.25
170.43,199.96,155.79,288.77,7.08,890.87,672.41,43.25,39.46
532.2,147.54,172.5,169.28,20.86,859.31,656.39,30.12,50.68
456.31,141.0,18.16,296.15,10.81,982.02,623.02,190.18,58.22
300.56,174.32,8.28,152.72,19.25,1044.65,698.87,63.89,66.42
287.24,400.15,56.07,221.43,8.72,960.45,881.35,345.11,69.69
548.31,29.78,113.13,202.9,3.67,891.01,1017.66,98.08,75.85
651.24,279.38,188.31,281.41,14.2,999.37,614.92,134.59,45.54
230.71,170.5,13.73,151.79,7.51,942.46,888.03,255.5,39.94
368.12,90.38,100.76,264.8,31.9,1166.92,800.08,359.58,39.34
592.87,335.75,156.6,221.28,35.74,1059.87,780.23,362.83,64.39
338.06,0.0,118.83,195.93,14.4,998.87,898.05,29.25,46.92
658.59,371.71,62.28,211.42,15.24,939.28,761.22,24.55,65.97
171.97,431.14,216.02,249.04,14.5,1128.46,875.92,242.15,52.27
277.34,183.18,46.74,271.47,20.72,965.73,745.91,260.97,72.37
530.51,394.41,172.53,289.3,38.68,1075.35,909.3,48.43,58.87
399.99,299.87,73.42,288.41,6.82,1086.55,707.06,51.2,77.92
493.83,238.39,56.99,187.11,26.82,1136.64,844.42,21.28,60.25
378.09,226.6,19.74,285.78,23.86,1115.48,969.51,185.02,72.66
343.82,354.47,138.59,270.54,25.58,1108.36,1000.2,21.35,78.11
256.28,306.28,79.14,185.2,16.61,916.21,785.64,378.55,49.6
567.22,327.55,74.88,172.01,14.67,910.99,790.31,360.38,57.91
221.31,0.0,203.74,206.91,9.27,1082.67,797.74,18.25,15.25
139.9,232.45,25.07,285.75,0.02,949.71,758.28,31.84,43.86
604.6,404.18,166.98,192.06,18.88,992.24,750.12,134.56,33.82
650.55,201.52,182.52,278.17,32.39,1171.15,787.36,223.2,50.83
576.73,408.55,228.83,245.69,31.72,911.65,740.95,364.72,77.1
440.16,175.6,22.8,224.5,1.75,1060.8,864.37,327.61,40.61
397.38,38.75,203.63,204.87,8.22,1097.83,957.86,220.63,63.37
635.54,105.86,22.72,203.26,25.04,858.89,809.95,199.29,52.25
555.89,36.07,140.98,155.21,35.67,862.34,626.33,364.04,34.87
597.74,350.8,62.82,178.87,20.73,1070.28,982.63,307.07,45.19
289.75,289.75,0.0,278.16,0.0,955.9,609.23,195.25,40.6
287.92,0.0,0.0,236.68,0.0,992.82,907.69,18.25,7.25
549.86,117.13,174.63,164.3,25.79,1037.37,635.39,237.76,53.0
289.75,289.75,0.0,278.16,0.0,955.9,609.23,380.25,43.68
252.72,17.14,138.43,170.93,38.12,956.0,959.0,130.54,49.38
463.6,115.9,0.0,278.16,0.0,955.9,609.23,22.25,36.76
290.48,0.0,114.8,227.77,8.54,974.26,868.72,43.25,33.86
635.27,411.95,98.58,231.0,34.42,946.81,887.36,245.73,43.54
274.69,148.32,188.42,241.82,26.26,999.09,782.62,178.92,50.76
537.02,14.78,144.66,252.73,36.52,933.85,787.61,134.88,58.3
633.55,330.73,24.55,210.96,1.57,1061.17,799.86,377.32,39.06
481.01,408.35,113.78,267.77,23.16,1001.5,1010.21,181.49,52.17
472.14,24.4,114.68,191.54,17.45,962.05,866.67,71.25,63.1
259.49,337.23,67.76,266.54,23.41,1079.27,760.86,119.56,70.74
383.46,184.55,151.56,229.8,17.36,1052.07,751.17,347.9,29.98
442.37,230.58,0.0,201.18,14.15,968.92,775.18,18.25,39.54
175.44,166.29,129.56,217.28,9.15,965.64,794.15,43.25,29.29
513.51,150.76,174.46,273.6,7.93,1121.31,758.74,156.46,65.53
438.11,110.11,172.45,199.71,16.06,911.03,610.26,88.22,58.79
516.92,35.04,111.68,294.27,11.82,1074.83,947.35,352.93,66.17
332.01,374.56,225.03,229.99,34.03,1121.05,849.17,343.19,65.91
341.9,358.09,139.29,258.03,39.16,860.41,839.9,334.94,75.19
461.39,319.0,47.29,210.41,26.43,936.81,883.6,276.75,69.03
437.98,23.18,172.02,187.88,13.3,966.15,821.54,18.25,26.48
450.15,282.44,83.89,273.11,18.45,1143.84,761.43,74.71,68.85
371.1,71.73,139.08,292.5,21.49,856.53,911.36,28.31,31.05
269.06,383.85,136.86,263.74,24.08,848.59,703.5,373.36,65.17
494.42,381.16,225.39,203.63,11.84,1040.79,955.45,334.44,72.84
320.57,150.62,78.53,189.24,31.77,880.45,891.28,329.31,72.75
193.25,0.0,237.78,268.03,13.42,920.72,731.18,43.25,9.56
395.59,106.94,164.9,203.74,30.06,943.15,976.22,333.57,62.08
362.66,189.66,193.13,258.49,6.39,989.75,744.03,284.38,35.47
466.65,400.6,86.36,284.4,13.35,945.75,634.88,57.92,74.1
287.35,310.32,90.67,226.54,25.26,1053.42,939.24,314.26,71.25
629.79,48.74,137.84,162.84,23.87,926.74,699.29,244.01,78.64
199.32,302.59,210.01,188.46,33.62,1128.65,849.18,274.15,49.12
383.08,176.9,137.86,218.38,9.76,891.28,707.69,43.25,51.78
518.77,237.63,137.64,162.16,13.83,894.35,970.44,376.43,54.11
442.37,230.58,0.0,201.18,14.15,968.92,775.18,18.25,39.54
358.2,339.37,184.05,258.55,34.37,930.26,683.47,237.85,58.09
337.76,230.09,42.35,252.27,8.62,1102.87,766.83,167.09,65.44
494.26,437.38,241.24,149.16,26.61,852.37,837.21,244.39,57.87
218.65,257.5,175.8,198.33,26.68,956.07,825.32,206.84,71.96
333.91,281.14,162.7,170.56,22.71,830.67,900.5,209.21,65.07
126.68,303.0,166.43,157.57,18.37,850.82,851.43,200.07,54.82
310.03,381.97,222.31,182.56,6.46,1087.21,830.04,71.0,69.62
338.18,119.32,29.89,196.05,13.66,1088.92,802.56,115.25,74.98
385.43,385.1,110.05,265.92,30.37,871.84,942.57,47.39,42.65
177.55,191.38,19.93,180.82,17.01,996.39,618.28,372.01,69.44
616.92,262.8,238.0,284.46,1.57,1127.76,641.23,21.2,67.6
197.64,231.92,180.68,218.14,22.94,859.59,760.41,43.25,37.81
629.79,425.07,161.74,224.02,27.2,1081.12,849.72,46.26,58.71
465.09,289.31,18.35,196.18,34.53,1100.96,637.01,114.19,72.27
275.5,76.91,211.94,175.9,16.84,1030.11,684.43,227.88,53.63
657.75,171.36,58.23,219.07,26.95,934.67,757.2,172.69,70.47
184.52,2.95,80.6,151.6,9.97,877.34,985.72,301.6,67.94
167.73,433.03,61.56,173.94,12.17,1120.62,874.53,143.92,67.7
181.78,169.58,132.98,235.46,7.32,914.87,800.0,43.25,26.53
390.04,27.01,195.5,232.83,8.8,952.0,672.0,258.64,54.01
394.91,345.02,0.0,224.24,12.57,966.87,676.82,43.25,83.66
175.64,88.54,197.46,163.31,15.49,1002.07,942.14,233.14,71.55
391.56,260.7,195.52,185.85,32.29,1064.91,918.72,335.72,58.96
445.08,251.56,89.22,291.23,9.74,1139.41,846.59,259.46,44.83
556.99,222.33,2.41,174.43,7.82,1103.42,793.48,56.0,41.36
250.1,427.81,128.28,274.88,18.29,1138.29,645.04,156.78,65.99
262.97,197.92,125.38,299.83,30.88,1122.38,610.28,195.7,52.16
420.88,48.85,45.89,247.15,26.84,1163.75,858.76,352.37,52.48
547.86,152.19,188.96,253.34,7.94,1166.09,892.97,55.15,66.62
394.63,297.26,213.22,171.54,30.33,927.28,880.86,312.18,64.32
295.24,47.58,233.56,273.54,38.81,1035.27,710.72,361.72,59.7
350.64,160.46,149.16,174.05,5.68,924.26,670.53,238.94,70.63
161.04,233.24,178.57,264.14,23.46,1009.15,802.47,188.52,50.15
177.66,164.72,181.47,257.15,23.02,999.07,817.55,164.38,24.39
410.57,106.81,26.04,266.13,20.13,954.41,815.46,183.78,50.8
239.9,34.86,181.96,278.67,14.64,1132.4,763.26,63.13,69.52
426.13,218.18,154.96,294.18,3.81,1168.02,762.2,95.59,50.85
614.77,179.44,228.64,195.92,3.21,902.42,793.6,178.53,48.68
453.09,364.69,242.26,254.41,28.15,1096.65,840.59,341.6,47.44
231.8,231.8,0.0,278.16,0.0,955.9,687.18,43.25,45.76
406.69,137.11,88.48,202.39,9.61,1080.42,969.08,374.06,61.67
518.68,18.22,143.8,284.01,32.81,961.49,781.59,348.62,73.18
610.99,138.31,60.29,184.67,13.52,1023.01,745.51,263.64,80.59
206.06,51.48,151.65,193.13,13.18,1108.51,816.62,115.25,53.93
227.16,151.4,0.0,226.55,0.0,1111.18,783.9,22.25,8.96
406.26,96.55,156.35,187.66,28.41,938.15,1009.77,270.21,75.27
158.31,222.66,156.57,177.63,12.99,913.81,963.63,66.86,50.24
235.46,429.3,230.92,222.8,31.9,1026.28,953.69,35.82,53.64
313.28,67.51,51.45,151.79,38.2,993.91,681.23,219.64,52.23
518.5,129.69,0.0,187.27,20.13,873.95,909.85,22.25,55.1
249.74,410.03,109.59,226.01,6.13,855.11,668.53,146.23,68.87
182.45,367.65,121.82,237.64,9.86,932.63,972.31,195.46,67.96
290.48,0.0,114.8,227.77,8.54,974.26,868.72,18.25,22.32
202.85,369.51,95.91,176.35,38.27,1156.92,734.47,268.85,41.33
263.02,18.67,48.02,171.76,26.95,1075.94,640.08,105.54,78.34
363.66,380.16,214.13,300.36,8.86,883.29,685.32,363.31,71.61
247.31,233.11,116.12,212.72,34.75,1015.58,654.2,377.42,68.35
299.21,392.85,29.71,242.29,18.01,1108.83,647.94,85.3,32.16
624.68,339.46,211.65,291.96,6.04,1027.56,766.16,61.66,65.88
511.58,20.36,158.63,287.07,31.95,1100.66,684.75,264.41,60.69
143.46,51.91,20.91,229.63,15.37,1028.27,942.45,83.31,65.82
589.59,294.61,42.64,262.69,33.79,845.88,613.31,240.46,61.22
302.88,193.55,183.72,203.62,16.79,981.06,773.39,325.01,78.3
378.2,0.0,0.0,234.24,0.0,1037.95,851.28,135.25,43.34
301.93,433.38,60.57,176.1,22.64,1161.37,867.72,194.3,63.88
517.28,26.84,161.04,204.96,10.86,843.08,769.23,71.25,83.28
365.32,385.14,198.82,296.37,27.09,1122.48,751.37,81.02,57.08
429.59,375.33,41.39,273.96,36.18,969.23,732.02,328.45,35.71
152.8,368.24,23.32,183.92,9.77,1119.07,628.5,78.82,26.7
576.96,395.13,4.51,176.44,31.9,978.99,991.96,184.47,73.04
156.08,129.67,6.64,285.53,37.85,924.65,790.12,203.03,66.72
561.92,96.66,141.26,156.95,10.98,1119.22,628.5,326.49,69.99
345.1,390.86,48.17,204.42,25.62,905.67,875.34,108.81,50.38
494.78,231.68,211.21,182.68,22.13,1145.16,1007.61,58.65,51.89
388.74,380.39,29.92,214.83,30.93,1029.78,941.9,70.94,35.76
451.78,68.9,206.77,171.22,18.29,857.88,992.35,64.21,64.0
163.28,120.53,191.15,256.6,35.97,1162.44,796.67,357.12,47.93
642.16,257.64,82.83,270.33,12.21,998.89,696.46,302.0,45.01
521.33,275.62,108.55,256.31,6.88,1051.64,670.86,116.5,75.83
248.91,31.67,72.01,201.15,21.79,922.48,883.82,116.24,73.76
186.29,55.4,37.23,284.88,33.61,1070.66,902.86,241.82,48.93
202.32,350.0,38.02,230.58,13.67,1158.05,630.26,367.89,69.12
435.58,171.67,164.22,178.87,9.29,896.33,610.74,260.29,64.58
483.42,50.47,195.37,227.7,35.65,1065.55,832.07,294.61,64.47
201.3,156.77,161.16,213.62,9.88,1031.59,765.74,71.25,60.17
167.85,143.32,0.52,244.49,6.77,917.52,933.32,153.07,66.07
239.73,158.76,187.85,232.85,14.63,1082.96,739.43,168.5,53.74
554.97,280.56,79.61,210.24,3.99,992.6,788.41,127.3,49.88
303.46,309.49,195.55,282.09,20.75,1059.27,892.77,205.36,52.78
157.27,436.45,192.29,179.57,29.69,1082.87,890.11,76.63,57.22
251.17,94.07,122.46,175.01,27.63,853.19,635.84,106.26,66.84
388.71,176.14,170.79,169.59,36.15,833.05,905.48,191.07,64.75
465.59,413.65,43.05,202.35,34.75,960.03,897.65,343.45,72.07
333.78,154.69,27.74,225.54,16.86,1015.99,937.16,240.71,52.25
184.95,0.0,136.52,224.97,9.64,1017.44,836.82,43.25,13.64
587.76,139.3,120.53,257.18,38.03,1150.76,649.93,231.05,63.24
166.94,253.32,39.13,256.67,9.64,1147.19,812.14,99.43,75.79
536.24,302.93,210.58,176.21,13.64,964.78,897.85,202.06,65.38
411.93,320.29,23.44,250.74,25.24,932.52,683.37,269.64,76.31
431.1,386.33,39.56,274.3,25.05,860.73,687.34,371.67,56.01
271.33,0.0,117.97,230.95,5.49,991.9,892.62,115.25,45.6
202.52,316.83,0.0,223.5,15.49,880.82,848.0,43.25,42.47
618.29,24.86,92.51,190.34,37.94,1159.48,739.36,315.3,76.19
152.33,48.5,193.06,280.81,27.4,1157.11,732.48,340.02,53.66
636.21,218.52,214.9,182.18,37.07,916.62,694.29,172.61,63.94
258.77,53.67,89.64,241.95,38.3,1032.35,890.95,96.27,73.32
203.08,271.48,171.26,172.59,14.5,850.35,832.75,107.26,39.55
196.7,425.17,26.15,159.38,11.01,931.98,638.88,37.11,67.14
337.21,382.48,151.79,218.12,20.3,1039.43,761.34,379.78,33.69
542.43,207.06,139.01,213.23,33.17,940.79,997.08,35.75,54.65
145.69,143.16,182.88,299.38,24.81,1105.96,657.48,245.68,64.46
139.7,224.78,22.35,206.75,8.8,851.27,1010.69,336.48,72.47
211.06,141.52,0.0,234.24,0.0,971.08,878.77,43.25,27.19
374.19,43.85,93.23,248.53,0.16,1014.25,989.72,116.87,72.31
516.87,328.09,1.4,206.5,24.27,1060.76,942.74,355.59,71.19
421.97,134.04,231.66,264.56,4.55,847.35,707.18,348.39,55.52
259.24,203.52,243.34,222.27,32.39,1086.22,728.14,112.01,56.11
279.26,110.89,142.24,234.18,33.7,912.46,955.92,109.64,60.74
392.84,0.0,141.52,239.12,12.2,838.97,833.85,43.25,34.92
186.5,396.92,155.56,272.19,26.99,1147.35,886.55,87.69,59.85
162.65,366.37,222.63,166.16,11.75,1018.59,937.88,73.3,48.67
203.04,399.02,228.32,186.22,11.88,844.08,890.5,278.62,68.42
153.88,190.32,147.19,175.16,30.71,942.52,869.96,121.07,71.29
654.71,247.03,65.63,295.28,20.05,1138.33,811.56,108.66,69.28
515.57,163.1,119.44,175.47,32.36,1152.0,836.54,336.36,74.17
522.98,208.86,208.34,155.2,31.05,1162.36,970.7,36.12,77.89
442.77,115.28,94.78,278.19,39.03,1055.77,805.79,335.47,81.27
,,,,,,,,71.31
572.18,142.98,0.0,168.12,39.28,873.95,862.05,18.25,45.02
378.65,408.25,236.58,243.88,30.99,893.93,733.38,192.38,75.45
409.92,0.0,0.0,222.04,3.66,1011.28,837.95,43.25,50.24
136.88,175.87,10.27,228.74,18.17,1023.22,1016.24,206.9,67.76
555.28,363.96,150.55,206.63,31.14,987.84,1008.85,253.36,27.67
484.64,420.13,8.03,188.95,0.64,928.26,759.27,65.93,51.89
441.02,2.71,83.5,298.05,13.12,824.12,764.1,230.07,77.6
167.88,298.32,120.48,259.66,14.87,906.35,975.69,118.98,61.83
431.11,337.41,69.66,287.61,30.89,1147.14,1009.1,273.65,59.84
168.53,90.28,34.5,276.28,2.71,872.32,821.89,260.73,50.17
150.48,56.84,210.67,211.12,11.34,1022.27,708.96,170.54,68.7
609.82,280.15,101.07,209.11,2.76,861.86,691.55,206.38,73.18
472.14,24.4,114.68,191.54,17.45,962.05,866.67,18.25,25.48
623.42,253.48,16.63,176.5,10.78,1039.8,967.3,131.29,76.69
338.8,265.38,46.55,156.64,3.09,1097.58,886.77,141.63,71.4
132.13,198.13,0.0,248.27,0.0,962.26,870.77,105.25,32.74
350.21,147.57,166.0,205.13,35.77,1097.78,840.05,286.53,71.84
598.62,197.43,74.55,185.38,22.67,838.24,643.67,115.78,66.94
170.31,255.47,0.0,234.24,0.0,1073.85,827.59,43.25,31.63
140.72,30.92,131.89,180.38,32.09,1034.21,907.82,217.25,35.35
348.29,55.52,17.58,289.63,15.22,875.45,713.01,101.4,69.21
283.44,194.65,146.58,177.32,31.67,1163.78,938.72,252.69,67.8
478.11,41.03,19.58,201.7,32.51,1059.03,711.97,142.8,52.7
235.5,114.48,11.58,299.81,11.67,1077.83,650.07,25.98,70.99
352.69,369.92,104.37,274.76,8.85,1070.49,782.21,290.43,76.58
174.8,379.06,214.92,285.93,37.08,1007.51,844.27,110.56,71.31
352.58,0.0,0.0,234.24,0.0,936.62,918.26,22.25,16.35
237.34,6.57,173.55,218.57,26.86,1072.29,610.48,249.89,71.7
521.13,344.07,145.48,239.44,27.18,902.67,843.71,365.46,34.38
590.42,91.26,223.7,188.43,5.51,882.4,878.16,338.09,54.52
165.44,149.55,109.01,277.94,34.61,904.36,765.38,339.31,36.09
400.47,118.0,238.55,200.73,0.78,953.02,893.31,78.37,50.17
307.44,118.34,92.72,236.68,9.76,856.41,842.05,43.25,37.41
497.55,41.0,141.23,235.84,8.97,960.37,946.64,92.27,46.59
260.71,0.0,213.13,188.86,12.44,1080.51,796.31,18.25,19.68
136.16,196.0,183.53,236.63,36.43,832.63,955.07,134.77,73.83
347.01,67.83,11.94,296.46,15.37,1079.42,959.18,336.41,54.25
467.93,34.13,212.88,172.17,5.22,833.59,719.68,69.29,60.04
215.4,135.83,240.2,246.41,20.05,1116.23,644.86,350.21,70.71
229.51,75.55,122.76,268.25,14.12,866.57,841.98,149.23,19.25
372.47,248.27,0.0,248.27,0.0,990.15,647.18,105.25,61.15
295.06,99.12,163.52,227.62,30.08,1032.05,694.96,114.71,80.58
485.61,65.58,226.35,291.12,15.41,865.65,718.44,237.53,29.26
180.56,0.0,167.14,192.76,19.52,1027.69,851.28,43.25,20.1
202.64,0.0,199.23,215.33,5.49,1085.74,800.1,115.25,37.56
283.34,197.74,115.05,210.46,16.59,916.98,988.07,112.29,66.61
339.28,167.01,113.8,276.95,12.1,1102.02,868.75,33.07,38.31
545.26,12.41,121.82,259.06,13.4,1058.66,895.32,240.19,72.07
359.43,23.34,162.72,285.49,21.87,915.57,692.14,363.68,71.11
606.95,248.5,119.43,215.54,15.76,1170.76,851.13,201.06,80.43
198.04,256.02,115.53,272.71,25.22,1053.51,868.85,48.01,59.21
197.61,319.38,81.24,230.16,19.37,1134.67,963.52,206.27,48.92
284.24,292.77,11.53,166.78,38.09,1088.14,895.57,189.15,71.61
304.02,208.12,18.32,156.68,10.26,822.06,626.64,85.23,53.42
153.63,38.1,110.07,175.08,5.56,1134.5,918.49,354.14,33.97
319.64,135.42,104.92,237.9,6.1,917.95,751.79,43.25,37.77
228.54,412.02,217.7,183.68,28.15,937.49,702.74,44.3,43.87
645.15,282.66,21.5,226.09,28.69,889.56,952.78,167.71,68.87
513.01,19.48,89.15,176.89,13.38,932.69,920.46,374.49,72.84
609.68,119.76,5.62,182.0,21.08,886.88,645.51,311.35,45.41
363.78,365.09,121.68,231.26,34.58,934.84,920.15,345.75,56.47
639.33,210.99,197.59,299.87,0.6,984.56,692.55,224.12,32.93
541.57,223.32,126.53,243.9,33.28,904.32,674.11,216.57,48.26
355.58,315.47,52.36,226.55,32.09,1012.49,651.62,269.36,51.93
403.28,18.67,214.49,275.3,38.14,929.47,959.53,231.56,60.41
614.38,303.08,96.09,223.08,36.75,1063.0,785.85,217.58,79.4
588.38,168.81,74.1,232.67,9.3,852.46,738.88,227.35,42.62
542.6,207.3,111.45,155.72,16.74,828.53,890.49,305.61,81.88
579.5,0.0,0.0,278.16,0.0,955.9,609.23,195.25,47.73
331.11,174.44,167.0,173.64,9.35,1019.76,701.81,171.98,46.48
443.15,60.83,34.6,243.18,7.03,969.9,908.95,47.7,50.33
630.54,249.32,160.28,180.55,13.05,918.28,906.56,268.45,69.52
226.83,21.01,0.22,207.74,10.05,977.89,781.81,356.75,67.5
585.35,426.67,134.97,292.48,32.92,870.38,721.39,51.57,38.68
517.67,363.03,175.55,253.58,3.5,985.78,982.33,24.23,73.34
259.75,362.32,218.26,214.82,19.43,852.5,904.14,164.66,54.95
633.67,150.37,17.79,244.49,15.19,931.33,808.22,87.14,67.63
305.41,118.43,151.52,295.48,9.59,1058.93,900.49,135.47,64.65
253.39,335.21,7.45,200.32,30.63,1130.14,851.17,98.53,75.26
463.6,0.0,0.0,278.16,0.0,955.9,687.18,285.25,59.7
206.04,207.15,95.17,179.92,37.16,847.5,811.88,122.51,80.82
651.44,261.75,101.82,210.74,5.15,959.01,785.85,289.36,38.53
375.12,8.93,192.68,168.28,4.06,942.43,845.36,79.23,55.71
201.3,0.0,175.19,199.84,0.0,1031.38,924.0,115.25,42.52
139.15,196.12,80.5,300.41,35.43,919.36,960.13,74.2,33.69
543.62,95.28,0.17,282.49,9.45,865.78,748.03,322.2,55.44
134.29,406.69,56.65,295.67,25.55,996.33,766.75,352.66,76.36
517.28,26.84,161.04,204.96,10.86,843.08,769.23,43.25,80.75
207.77,189.71,0.0,226.55,0.0,1052.92,742.87,43.25,28.82
193.71,262.89,80.35,260.19,11.89,865.75,662.07,82.26,55.28
511.98,183.86,50.73,246.22,0.92,862.64,696.96,61.45,68.59
271.81,416.66,176.99,244.67,27.18,1153.98,883.2,121.93,72.72
437.98,23.18,172.02,187.88,13.3,966.15,821.54,22.25,40.04
354.29,0.0,117.36,205.08,11.47,985.85,887.18,71.25,50.49
230.8,386.42,48.4,275.43,5.95,823.29,825.36,277.84,72.7
312.36,104.98,112.39,235.78,5.98,947.12,731.76,368.34,26.84
615.33,256.55,55.49,230.23,10.93,845.09,864.88,174.58,70.03
,,,,,,,,62.89
372.2,403.31,224.42,223.9,16.09,1095.49,647.41,343.54,46.8
366.5,251.11,10.32,285.04,24.08,847.34,923.83,27.36,31.38
472.11,135.7,148.02,251.8,17.38,827.22,926.83,209.11,74.28
397.84,142.78,208.01,177.04,5.14,945.64,732.76,39.86,72.87
618.52,302.21,18.92,240.9,38.81,950.18,703.06,134.04,47.94
249.81,239.14,90.13,239.15,31.17,978.4,657.46,378.35,44.63
442.37,230.58,0.0,201.18,14.15,968.92,775.18,22.25,62.61
170.14,145.54,107.13,180.33,15.72,868.88,998.81,112.21,32.59
,,,,,,,,55.97
208.16,228.42,127.17,219.55,9.86,1010.99,771.45,97.28,78.76
200.08,0.0,244.0,220.82,15.86,870.77,867.69,43.25,16.9
658.8,0.0,0.0,211.06,0.0,1153.85,628.72,195.25,80.21
657.97,230.33,136.69,298.42,35.1,1140.42,941.4,127.46,68.67
638.46,296.02,89.64,148.69,2.68,1016.09,756.37,370.57,55.91
370.88,92.72,0.0,278.16,0.0,955.9,687.18,43.25,53.55
597.03,360.65,57.45,289.05,0.32,997.87,980.32,82.15,53.12
149.1,316.25,40.7,273.59,35.88,1077.61,673.72,268.67,71.97
287.92,0.0,0.0,235.46,0.0,992.82,907.69,195.25,26.99
403.44,316.58,122.32,173.32,27.58,918.51,630.9,280.21,66.89
283.24,136.85,66.22,294.36,7.73,981.49,725.86,107.05,69.16
319.72,359.42,195.34,165.43,28.76,1107.28,857.59,63.4,69.33
541.84,197.74,243.3,256.18,25.06,891.56,816.84,212.65,68.86
349.29,245.1,0.0,176.53,13.66,1030.36,824.31,106.25,86.02
647.83,125.38,64.25,256.68,30.43,833.43,789.03,341.65,59.31
609.56,89.78,194.9,189.07,31.09,1058.72,896.59,234.46,38.99
656.55,121.15,196.63,279.94,18.7,892.64,890.04,219.69,77.69
370.88,92.72,0.0,278.16,0.0,955.9,687.18,380.25,61.89
547.23,211.07,161.25,289.86,28.55,969.51,682.23,86.77,56.99
492.58,332.95,204.42,170.24,1.57,1094.49,696.69,337.55,67.48
556.35,349.56,100.12,235.84,2.55,831.8,853.45,209.21,67.09
473.79,263.96,169.66,186.36,11.59,837.56,681.77,119.15,58.32
372.58,181.21,13.8,170.08,5.32,968.72,837.19,266.03,56.69
440.4,436.85,62.46,233.26,27.49,844.03,631.3,331.61,59.41
390.8,306.23,51.76,201.07,3.51,975.16,698.25,344.03,66.52
359.97,148.81,37.21,223.93,10.12,948.89,741.4,325.44,45.94
532.77,197.18,222.88,202.34,1.31,938.91,740.52,344.83,44.47
590.52,34.19,62.84,258.39,26.92,858.59,798.7,167.46,76.26
646.32,267.62,29.83,228.1,34.38,849.9,844.9,309.5,52.15
342.62,236.49,127.07,159.35,23.57,881.05,774.85,307.2,34.84
161.04,252.54,196.42,218.38,6.1,889.23,754.87,43.25,37.3
373.08,174.76,92.35,223.96,28.15,855.07,671.91,264.81,61.7
132.21,147.34,175.27,300.26,17.57,968.14,986.94,129.68,49.85
168.88,25.9,153.48,210.58,35.39,991.5,770.27,77.8,64.39
518.5,129.69,0.0,184.71,22.69,960.0,824.31,22.25,52.42
652.75,13.96,213.52,250.6,10.48,1124.23,618.48,344.08,61.45
133.39,294.15,221.41,181.99,14.38,964.54,663.49,369.27,63.46
372.89,66.58,224.38,183.55,29.62,1102.25,671.7,253.89,47.17
382.23,176.9,0.0,217.77,9.76,1027.59,706.36,43.25,45.98
,,,,,,,,77.0
,,,,,,,,71.19
199.96,418.88,170.73,152.25,29.85,1131.73,795.0,263.97,53.21
536.27,273.14,187.76,190.25,1.17,1016.7,835.7,101.89,51.72
612.42,402.92,207.52,197.49,31.34,1133.54,908.64,185.26,43.83
204.23,158.48,156.89,214.11,9.52,1032.1,765.74,115.25,60.1
258.64,172.39,0.0,248.27,0.0,998.36,769.23,43.25,36.96
624.86,285.47,187.63,185.08,8.84,1105.18,756.99,309.18,72.67
657.56,99.97,55.22,242.54,24.75,1009.2,736.48,349.29,53.84
190.32,104.54,208.62,232.29,19.04,921.3,837.61,210.4,59.7
636.84,0.0,0.0,178.12,0.0,918.97,918.97,43.25,83.99
472.49,164.51,160.42,190.38,39.26,841.65,802.69,87.9,64.01
590.33,311.02,104.32,196.18,31.95,899.9,611.83,119.54,51.81
460.07,89.16,88.19,263.91,14.85,846.63,847.63,324.67,61.78
628.92,367.56,116.02,192.7,0.21,1156.92,794.77,38.61,63.18
189.8,407.86,111.96,256.4,21.1,1091.13,845.33,228.34,70.04
550.69,80.13,171.56,192.95,28.95,893.52,1003.84,235.83,68.8
413.81,183.11,113.71,286.32,10.04,847.79,814.34,278.74,49.31
599.02,31.72,150.06,256.2,4.76,904.62,716.92,18.25,28.68
258.76,0.0,148.35,219.97,6.95,1084.72,799.28,29.25,23.43
228.59,70.12,18.9,165.15,4.94,921.88,638.2,243.5,62.81
357.08,343.98,66.1,166.83,34.41,1117.22,993.65,38.05,73.25
486.65,39.55,62.59,241.23,12.99,886.07,999.29,338.57,63.05
330.47,299.76,119.15,223.43,17.14,882.14,922.65,213.51,73.91
328.41,44.24,157.99,158.81,18.57,1092.23,968.31,24.18,75.67
652.28,185.07,125.39,219.85,2.57,1122.61,675.39,281.78,68.02
247.99,260.35,195.11,176.9,20.18,949.99,921.14,193.26,57.91
570.07,264.08,179.45,228.79,37.95,1009.39,769.89,119.53,67.76
262.18,65.64,148.72,189.83,11.71,1040.31,800.62,71.25,60.44
432.6,420.59,31.96,202.36,16.85,823.43,724.96,67.41,75.24
591.4,63.08,233.63,165.43,26.96,989.27,847.97,252.72,74.65
463.62,145.74,226.88,155.63,35.85,1173.75,662.85,176.25,42.81
414.07,247.83,95.45,255.87,19.97,1135.1,966.33,295.28,40.32
252.18,263.7,54.42,167.32,1.15,1036.72,1010.33,332.79,61.75
588.16,241.31,142.41,245.98,20.52,868.92,780.44,219.24,67.84
265.48,212.53,151.86,210.09,26.49,844.19,609.61,368.57,69.51
609.45,38.65,120.75,253.59,9.98,1166.6,961.02,50.34,75.11
424.12,418.8,215.58,159.74,35.07,878.17,734.93,229.47,41.21
466.84,205.5,222.32,241.8,27.18,1006.56,854.9,212.32,68.05
586.88,427.79,73.35,179.8,31.51,1053.78,859.4,379.18,79.3
148.03,355.2,100.06,268.82,6.84,1064.53,767.61,93.59,33.07
,,,,,,,,33.52
190.32,217.16,228.14,269.62,8.54,875.9,629.74,43.25,32.94
466.04,0.0,0.0,226.92,0.0,1073.85,757.95,43.25,41.91
242.25,388.45,199.4,250.72,13.35,893.58,798.26,354.94,51.22
643.36,234.31,81.95,241.53,5.99,900.33,758.88,200.16,50.51
226.92,47.36,17.46,267.08,33.37,1114.06,774.75,162.64,73.58
298.29,230.27,64.65,268.75,31.29,1053.27,932.39,68.41,52.08
378.2,174.46,135.42,204.96,26.84,937.44,667.69,43.25,37.73
422.34,298.69,13.83,254.33,5.86,955.4,657.21,236.23,65.15
658.54,128.8,85.26,207.97,27.46,980.1,915.14,231.68,77.75
325.24,35.2,188.52,180.82,32.93,939.05,963.27,176.93,54.23
336.14,225.39,75.42,206.87,36.01,1172.79,616.0,289.54,73.16
500.68,175.91,96.77,239.75,27.18,1110.04,655.51,301.76,58.69
391.73,209.54,225.0,205.06,10.86,1069.19,997.01,128.35,74.82
236.07,354.04,0.0,226.55,0.0,1023.79,722.36,22.25,19.26
466.41,151.73,150.49,256.05,23.02,969.46,901.6,211.36,71.61
444.6,421.6,81.12,178.53,16.2,926.84,917.84,238.13,65.53
223.66,105.32,224.83,195.11,8.53,1009.64,626.52,148.17,64.47
362.58,0.0,143.35,213.26,11.59,1049.03,772.82,29.25,41.43
176.9,141.52,145.18,224.48,6.95,854.36,902.56,43.25,32.66
368.81,54.66,21.22,153.5,7.3,1054.37,926.92,72.85,56.77
536.21,64.17,111.98,175.36,16.65,1153.49,908.65,173.59,70.44
260.71,119.68,29.89,221.67,8.42,1093.13,805.54,71.25,56.86
404.19,283.51,204.07,244.85,33.16,1129.92,770.31,365.14,77.11
573.34,8.61,96.63,243.59,26.02,902.48,784.9,188.12,60.57
340.51,120.38,243.6,273.44,14.71,1094.81,639.4,167.6,73.13
298.34,80.75,231.06,271.45,29.7,1157.63,667.91,85.27,52.9
539.24,55.04,141.26,199.5,24.7,981.15,1009.3,167.21,23.85
395.7,247.49,45.68,180.78,5.63,1055.47,951.26,82.85,57.51
535.65,5.65,44.23,294.29,20.63,1028.68,682.97,18.97,50.82
521.76,11.13,130.6,178.89,30.89,992.13,662.04,369.15,66.3
308.05,0.0,0.0,226.55,0.0,1140.1,804.41,22.25,12.86
490.88,84.99,48.81,170.47,22.13,1150.05,813.81,134.24,64.63
352.58,163.11,0.0,237.78,6.71,947.79,779.59,43.25,51.8
360.26,340.84,73.54,274.18,34.34,1026.08,837.64,57.52,69.99
552.27,388.34,80.44,178.29,10.91,1029.55,658.48,62.7,72.36
575.46,25.55,43.72,159.35,3.25,1055.0,996.51,222.82,57.69
317.51,105.15,82.29,246.41,34.36,1052.04,618.62,34.01,63.26
375.97,126.15,8.91,235.44,24.22,890.23,892.46,147.18,57.27
314.86,394.24,242.97,275.65,4.47,1079.62,798.43,109.6,72.39
298.09,323.22,187.68,209.83,36.63,1044.57,745.86,356.17,77.43
499.15,93.13,187.05,193.3,21.48,1130.99,818.72,339.81,50.7
511.62,176.07,161.41,154.59,19.25,1117.37,1000.03,169.87,70.13
133.37,163.41,49.42,234.61,38.1,1165.38,960.92,67.42,75.89
446.52,228.14,0.0,233.02,8.54,845.13,776.41,43.25,73.82
134.19,362.43,148.18,216.67,8.08,1035.38,717.02,97.7,70.2
478.73,401.45,122.84,237.49,36.54,1035.14,886.13,138.54,66.29
591.26,346.32,36.57,221.94,1.6,1076.51,942.93,312.35,74.12
658.8,0.0,0.0,211.06,0.0,1153.85,628.72,22.25,58.92
243.15,282.43,152.04,263.04,4.39,840.8,870.65,249.37,76.56
472.14,24.4,114.68,191.54,16.96,962.05,866.67,71.25,53.73
598.13,106.09,73.01,169.86,17.83,1053.18,854.69,252.02,59.33
257.23,356.52,164.01,247.43,37.16,1133.09,709.27,107.9,54.87
575.55,277.29,43.61,296.39,35.48,824.09,766.31,221.05,15.99
289.17,64.44,19.41,230.54,38.6,949.62,870.87,164.08,36.76
379.89,297.41,171.38,157.36,2.47,1148.41,685.9,86.62,72.63
447.42,362.21,70.49,248.68,2.57,851.62,708.93,232.53,47.73
231.67,91.68,2.07,290.27,16.49,1163.32,861.67,289.79,46.38
161.49,267.07,130.31,258.79,19.01,962.38,678.68,291.45,77.58
491.08,203.48,197.01,283.37,2.79,874.66,761.16,300.19,68.9
229.33,310.99,23.55,153.71,17.89,865.82,774.31,310.52,63.92
586.7,333.51,163.29,186.57,8.79,1127.36,643.14,224.5,59.63
583.68,164.05,134.77,205.97,34.19,1101.87,895.91,301.33,65.62
589.33,53.92,79.17,169.1,38.77,845.79,904.84,284.12,75.6
494.06,370.27,235.03,264.34,34.92,1076.57,873.49,29.73,71.93
607.21,3.77,101.07,194.1,16.91,1147.56,759.95,77.5,37.32
614.62,186.79,144.52,185.53,13.35,1027.63,781.71,237.14,71.27
260.47,0.0,212.52,188.61,14.27,1079.28,795.38,71.25,57.6
233.19,345.15,219.65,159.08,26.17,857.33,785.54,247.31,36.59
163.28,246.36,130.05,246.81,21.63,847.65,936.83,182.75,32.11
469.7,0.0,0.0,226.92,0.0,990.77,782.56,43.25,35.11
314.47,182.22,194.19,184.18,13.15,1051.32,713.8,329.29,56.38
278.85,307.28,168.44,203.26,20.12,933.8,964.83,167.55,62.44
184.55,266.05,186.64,296.93,25.81,923.02,671.09,55.0,64.38
247.6,407.86,95.77,300.81,0.0,974.11,975.98,332.95,55.04
521.47,42.72,116.42,275.67,12.33,1048.08,751.21,79.62,67.54
550.59,203.78,25.49,226.44,35.55,863.82,838.66,125.95,69.0
374.54,0.0,0.0,235.46,0.0,992.82,832.82,18.25,14.04
518.5,129.69,0.0,184.71,22.69,960.0,824.31,71.25,72.69
203.25,62.15,84.73,276.78,4.0,1012.88,773.46,155.53,63.27
337.94,0.0,0.0,233.02,0.0,992.82,877.95,43.25,29.09
287.14,172.39,161.07,269.78,10.06,869.71,790.01,359.61,68.44
616.69,303.08,32.65,196.95,7.93,988.84,869.18,272.79,43.11
125.65,185.53,29.41,186.84,30.39,838.08,805.35,339.63,48.78
153.94,133.99,20.56,151.4,2.03,911.51,904.45,32.17,46.67
520.02,354.5,74.74,246.92,7.87,1130.69,756.32,164.87,59.76
512.35,123.63,171.51,205.28,9.21,911.27,710.7,234.11,52.42
529.09,25.51,24.61,296.23,33.34,928.46,758.52,205.04,77.51
255.08,431.43,120.16,158.4,33.07,1134.55,867.44,147.44,59.4
597.96,65.72,204.45,267.09,8.26,1105.33,826.76,84.15,56.73
463.6,115.9,0.0,278.16,0.0,955.9,609.23,43.25,40.82
628.15,290.73,78.79,159.19,16.49,1096.63,982.45,244.72,51.2
158.65,87.32,181.63,178.78,35.57,861.43,993.08,63.62,37.98
602.71,371.36,33.46,170.29,30.03,1083.67,977.16,44.83,69.57
126.29,240.62,243.08,295.59,26.74,1024.86,921.21,138.71,30.58
619.13,59.25,238.83,215.95,0.21,1082.62,989.75,154.64,77.58
482.88,45.51,76.75,151.61,9.01,892.48,923.69,327.59,73.81
503.59,15.67,53.14,239.59,36.81,1013.52,788.11,254.22,72.07
,,,,,,,,67.37
172.49,294.68,63.69,284.98,18.58,953.22,611.9,104.55,38.11
409.38,22.46,140.07,233.03,13.52,1091.25,890.35,121.31,17.04
481.1,100.51,210.67,159.27,4.72,1066.87,845.86,350.04,63.0
575.12,195.63,134.99,226.95,2.79,1107.35,755.65,101.4,58.52
161.59,406.65,86.72,184.12,27.28,1118.64,630.43,136.79,42.61
164.7,128.1,235.46,239.12,7.32,989.74,659.49,43.25,24.54
518.5,129.69,0.0,187.27,20.13,873.95,909.85,71.25,72.02
170.06,301.19,87.21,245.86,16.74,1023.88,704.33,81.95,46.59
224.08,418.69,22.71,175.71,21.37,871.04,766.46,167.07,71.57
299.25,311.09,224.87,250.08,35.61,964.28,885.21,41.58,51.21
588.71,156.34,13.15,228.22,5.28,1068.43,715.29,335.21,61.99
645.99,198.7,232.1,277.68,34.44,1054.44,639.26,160.7,45.97
,,,,,,,,51.04
533.8,61.76,29.0,218.09,8.6,1074.54,800.25,180.74,79.51
407.8,37.44,17.14,267.78,9.62,998.5,819.38,333.6,42.17
418.75,120.77,88.05,284.32,7.22,996.96,646.76,195.55,73.33
425.91,126.31,231.09,288.57,15.65,1135.23,897.69,360.28,49.99
388.94,259.25,0.0,189.95,17.45,873.95,902.97,22.25,37.41
197.64,261.08,200.08,246.44,12.2,841.03,697.44,43.25,34.33
396.98,304.27,223.06,293.91,9.8,1015.37,811.92,270.58,31.88
479.46,0.0,0.0,234.24,0.0,964.1,777.44,18.25,21.4
172.79,248.1,23.6,274.46,23.63,855.19,645.3,82.87,69.14
656.21,308.11,135.92,292.75,9.6,934.43,920.74,229.69,72.63
191.82,106.11,128.15,189.24,1.89,836.02,892.71,366.94,67.8
272.18,125.13,203.62,261.66,22.31,937.06,828.93,187.55,59.59
183.86,163.78,93.59,223.92,17.34,1149.57,778.02,279.91,76.93
377.22,334.58,212.16,275.52,11.27,976.25,649.71,66.17,32.04
525.45,364.11,211.78,236.85,32.66,981.21,1011.61,204.32,61.63
,,,,,,,,35.02
285.82,70.61,36.28,181.11,28.38,1155.83,954.9,29.39,39.83
263.87,326.7,129.83,211.49,1.51,994.65,925.47,79.72,47.25
570.01,139.91,148.2,153.72,24.42,1127.92,854.73,104.01,62.79
224.36,149.57,0.0,248.27,0.0,983.79,820.51,105.25,36.43
596.41,234.15,36.59,216.94,18.33,1114.21,673.16,164.44,78.59
438.61,322.71,146.25,235.2,36.16,1090.21,638.27,267.0,68.91
184.33,325.04,119.02,288.54,20.98,1117.66,644.51,287.35,53.53
658.0,294.67,31.31,233.96,18.1,924.15,773.15,334.69,60.33
326.98,77.15,145.5,185.28,23.36,1155.13,858.19,349.42,40.79
397.23,203.01,0.0,212.28,10.86,904.21,810.26,43.25,68.59
217.6,378.36,203.22,167.36,19.78,1013.82,924.86,198.81,50.96
363.56,0.0,130.54,256.2,13.42,902.56,763.08,43.25,35.69
169.48,329.9,2.19,215.88,3.41,1051.17,741.95,105.62,60.39
247.6,388.88,75.97,191.61,35.45,829.13,868.33,76.07,45.04
283.77,2.7,80.7,218.55,37.32,1028.98,838.14,253.99,29.2
477.6,185.89,199.64,204.02,17.87,1040.02,714.55,41.71,57.16
378.44,108.45,112.34,246.11,13.92,1012.99,847.37,350.38,63.35
208.65,349.15,44.24,268.56,4.66,1114.64,742.08,121.78,39.91
580.92,25.98,98.16,298.68,23.49,1137.22,650.87,241.14,62.17
243.27,430.56,147.81,295.92,17.54,912.92,916.89,148.01,27.05
524.15,244.41,55.79,276.2,14.7,1113.83,707.25,239.59,71.25
227.16,151.4,0.0,226.55,0.0,1111.18,783.9,43.25,19.71
644.77,34.34,223.21,192.28,23.86,907.09,939.96,73.84,67.49
222.79,270.37,29.59,159.07,1.11,898.12,667.22,320.78,74.33
411.65,24.49,223.21,263.78,29.07,919.8,669.12,42.27,62.14
129.21,201.77,49.46,168.28,31.19,1159.39,938.09,370.9,63.55
530.79,346.99,45.81,161.57,35.77,912.78,742.86,140.16,73.13
531.57,262.44,222.93,259.7,35.42,1052.22,788.92,374.63,69.94
209.45,127.89,170.77,251.51,32.37,1057.65,895.94,176.51,77.93
309.18,103.79,214.45,267.4,11.89,965.5,815.74,120.17,58.98
521.27,249.73,230.3,179.27,31.16,1070.07,835.67,229.45,35.04
569.2,170.07,157.47,244.21,4.88,1102.08,945.41,77.36,76.63
234.24,351.36,0.0,234.24,0.0,953.64,734.46,18.25,14.32
616.8,345.04,106.69,201.08,31.63,1023.14,813.84,203.15,70.47
307.08,178.02,92.94,249.46,7.99,1023.49,894.22,361.26,67.65
211.67,61.12,211.67,201.06,7.93,1032.0,813.85,18.25,25.85
332.66,142.85,187.88,191.08,19.8,1020.73,851.89,85.96,43.85
363.56,167.14,130.54,245.22,7.32,900.51,671.79,43.25,59.94
603.1,421.79,182.62,240.52,29.56,827.15,975.42,317.55,41.37
620.78,146.6,37.11,191.05,17.74,1058.24,626.63,115.78,47.69
305.0,0.0,116.75,234.0,6.47,973.23,879.18,71.25,44.4
173.24,203.74,158.6,212.28,13.42,905.64,805.13,43.25,49.96
516.29,316.57,84.14,229.54,21.84,931.32,648.97,244.56,41.04
498.32,136.82,148.75,226.14,7.27,879.16,955.56,98.0,75.03
298.85,75.92,155.94,237.12,18.29,1058.65,804.98,355.48,55.53
166.53,245.41,133.18,294.74,34.66,1111.59,716.78,36.49,42.59
518.5,129.69,0.0,187.27,20.13,873.95,909.85,106.25,73.02
212.61,221.47,103.88,205.99,10.01,1035.13,723.5,73.05,77.96
409.51,23.49,122.45,265.02,21.27,1078.56,945.43,87.07,59.56
248.27,372.47,0.0,248.27,0.0,988.1,646.15,22.25,21.88
403.82,0.0,0.0,234.24,0.0,1051.28,842.05,135.25,44.11
397.12,406.01,238.86,254.43,25.37,1079.65,935.95,100.71,54.34
420.05,327.52,30.41,293.16,30.21,943.93,836.66,179.75,63.06
561.01,83.14,238.64,290.08,30.68,1065.22,789.46,144.65,64.41
,,,,,,,,72.84
451.09,294.06,149.87,179.76,25.6,1152.52,852.84,356.63,66.56
545.8,384.3,86.15,294.59,21.98,1086.71,684.65,224.56,76.06
342.13,47.04,191.11,202.87,27.35,1022.54,999.52,69.39,71.61
596.62,371.62,190.67,251.3,28.58,1114.24,900.63,340.05,70.12
,,,,,,,,71.31
380.87,94.76,171.74,206.91,1.49,854.32,907.7,46.29,68.94
162.26,244.0,0.0,234.24,0.0,951.18,860.72,105.25,40.98
362.78,417.63,132.87,290.88,5.33,1152.88,756.1,321.95,65.5
596.94,78.3,91.7,209.77,28.83,973.57,786.95,373.7,60.07
222.04,55.14,148.84,207.64,10.0,1086.56,800.72,115.25,54.51
504.49,167.42,119.28,275.89,1.31,1139.54,745.02,25.41,38.26
266.2,66.61,151.04,171.78,14.52,1103.28,813.03,29.25,40.28
,,,,,,,,71.21
433.71,41.08,190.94,273.57,9.66,984.56,696.29,182.82,73.17
525.71,377.65,212.49,299.19,16.32,955.38,620.24,115.97,40.49
582.28,20.16,243.32,151.97,27.79,1108.8,727.73,294.39,52.85
349.29,245.1,0.0,176.53,13.66,1030.36,824.31,71.25,81.75
299.14,97.33,64.14,201.51,32.72,1163.93,816.92,92.3,54.65
551.07,187.19,7.28,273.46,17.43,1042.33,654.97,82.68,75.94
159.55,251.06,40.36,233.81,1.95,1130.66,692.58,158.8,51.89
415.99,60.62,98.81,186.49,2.46,868.1,808.0,63.98,40.77
154.24,96.14,130.09,252.13,2.43,972.88,889.1,297.19,79.28
563.08,48.77,104.46,198.47,22.78,899.38,742.17,140.42,78.38
266.0,358.49,207.54,218.28,11.11,978.0,961.82,362.06,66.49
609.52,97.99,222.35,267.51,3.93,912.35,954.3,65.99,71.77
188.51,22.87,57.69,249.89,28.19,1085.58,936.5,236.9,62.91
546.69,375.4,172.78,283.03,13.34,985.56,893.1,91.55,68.86
370.17,240.39,164.16,264.74,29.87,1014.71,935.83,166.85,67.14
467.72,61.57,235.15,297.59,9.94,969.18,756.37,213.33,34.08
181.78,143.96,112.24,223.26,8.54,977.44,800.0,43.25,26.34
407.23,129.76,46.36,149.94,14.13,1027.2,806.68,166.38,70.53
559.23,66.56,95.23,272.06,7.23,1108.87,662.32,252.49,52.05
198.05,427.42,65.69,293.21,16.83,868.74,946.7,348.18,75.97
474.09,118.46,0.0,192.64,14.76,873.95,949.44,18.25,31.47
212.04,113.95,195.08,210.21,11.83,1033.03,765.74,43.25,42.35
570.96,374.6,191.67,283.37,36.94,1069.61,672.93,50.02,73.11
426.51,316.95,4.98,161.34,30.79,919.0,700.28,91.3,44.51
163.83,142.01,188.22,165.4,1.44,876.51,963.25,377.33,60.16
425.78,0.0,0.0,234.24,0.0,1083.08,829.74,22.25,10.09
188.5,148.62,204.77,246.06,19.8,924.99,801.54,129.9,62.35
494.19,256.53,55.08,232.32,4.23,969.8,631.48,360.93,68.55
411.47,110.06,189.71,260.56,38.27,821.79,946.26,365.71,63.91
177.76,423.43,45.93,198.16,20.32,954.88,801.62,349.02,53.68
333.06,0.0,109.8,242.78,13.42,954.87,781.54,43.25,36.11
446.43,192.79,7.43,185.44,19.69,952.69,858.38,19.08,51.63
384.23,435.1,143.63,167.03,36.6,919.95,985.89,255.49,53.46
194.45,185.36,169.21,175.87,6.6,1139.51,634.36,229.53,63.23
420.48,22.04,127.06,248.8,5.79,976.04,879.29,16.74,67.45
259.78,258.79,74.94,262.36,32.22,879.02,992.21,138.57,62.93
561.99,66.98,168.75,199.72,19.72,831.14,626.85,308.34,46.68
647.39,215.2,158.77,202.44,1.62,844.9,816.77,172.98,68.3
457.5,114.44,0.0,154.45,28.55,873.95,1018.05,71.25,67.42
290.82,82.2,37.87,160.77,20.43,1103.27,620.26,300.02,69.2
457.5,114.44,0.0,154.45,28.55,873.95,1018.05,18.25,32.48
215.86,155.18,124.46,249.15,2.74,1164.02,945.39,302.51,70.39
178.02,419.72,216.66,286.6,28.07,1029.64,1005.61,33.41,62.65
604.85,226.46,144.23,172.03,0.12,937.36,610.91,309.58,59.52
569.34,137.69,120.04,156.35,33.25,1051.65,957.52,183.83,22.13
449.12,59.31,110.92,204.41,32.25,999.22,679.88,279.73,57.66
262.45,257.68,22.04,299.38,31.49,1028.41,765.35,287.26,43.66
508.47,361.17,226.6,216.41,21.97,936.93,794.67,373.14,74.12
233.17,368.5,222.48,214.47,14.63,1146.06,783.59,34.78,43.08
427.0,0.0,0.0,226.92,0.0,1076.92,789.74,22.25,22.71
320.89,204.7,36.05,237.46,19.57,941.96,734.28,162.87,47.69
603.4,18.93,99.84,173.79,38.06,935.48,661.84,172.94,52.93
273.95,58.17,106.01,159.83,29.5,1081.22,671.57,276.51,63.86
654.7,173.72,126.75,252.83,17.71,1124.63,732.79,346.49,71.27
239.33,88.37,179.7,190.32,31.93,1034.71,754.39,372.55,66.49
473.44,319.69,78.55,204.18,9.41,1149.28,832.08,64.66,56.29
219.01,313.31,232.53,150.46,31.16,836.6,747.18,125.61,70.26
559.27,224.82,231.59,298.51,19.96,912.21,862.88,244.61,80.43
141.52,211.06,0.0,234.24,0.0,933.13,914.77,22.25,11.3
607.54,255.69,12.43,221.35,13.28,1112.15,625.85,356.98,81.22
472.52,184.43,14.55,165.51,33.59,1097.2,876.43,74.96,41.76
542.71,396.43,55.86,270.36,4.07,826.54,925.16,235.56,50.4
594.5,275.89,64.92,187.41,0.39,1021.89,710.39,122.96,56.24
509.18,203.2,181.33,215.78,5.99,951.99,868.38,43.59,66.99
302.36,344.97,159.73,242.9,38.53,1023.28,974.12,55.62,65.74
347.88,341.7,41.74,208.73,17.09,1087.48,743.45,184.94,58.91
152.37,100.89,161.53,158.78,38.51,1080.92,986.63,281.53,32.66
442.37,230.58,0.0,201.18,14.15,968.92,775.18,106.25,88.82
589.72,334.75,60.5,149.49,30.49,928.6,879.98,258.38,47.49
413.58,0.0,0.0,240.34,0.0,992.82,801.03,195.25,40.82
397.56,131.07,55.58,254.74,22.35,952.03,850.79,274.79,47.66
437.07,405.56,3.22,243.09,6.95,988.69,908.65,220.39,58.21
548.53,320.37,7.57,197.51,28.91,1017.6,780.73,219.05,59.97
627.43,395.42,212.69,290.58,32.05,957.33,762.85,85.18,64.87
658.8,0.0,0.0,211.06,0.0,1153.85,628.72,18.25,46.64
601.48,327.87,190.65,275.23,17.02,887.96,823.72,204.77,69.28
445.68,30.88,189.3,175.0,22.4,1077.59,834.63,232.81,77.48
531.68,437.42,111.78,290.9,36.78,1142.43,709.41,356.7,72.79
653.78,18.06,43.48,153.6,33.49,1119.03,701.05,196.77,77.44
468.44,119.48,185.24,281.28,25.45,830.7,631.27,186.23,56.14
584.2,171.61,40.12,216.75,30.11,945.59,630.5,183.43,74.53
399.32,281.96,116.5,172.94,34.46,1099.69,891.06,107.33,43.7
203.07,86.5,128.07,278.42,30.92,834.64,975.05,177.85,70.31
412.24,230.58,0.0,213.38,11.59,968.92,775.18,22.25,39.31
482.33,13.48,183.93,220.05,30.54,1043.58,693.6,282.07,56.92
473.99,314.14,205.78,258.76,26.94,923.84,861.44,140.57,74.26
343.54,389.82,9.27,157.29,33.36,1069.27,1017.92,186.08,75.87
253.64,279.87,47.13,174.8,19.37,1101.66,820.48,32.72,43.06
273.19,298.97,54.07,162.23,38.98,1001.12,630.49,126.31,55.9
282.63,94.86,167.73,281.01,14.81,1071.65,618.11,379.26,69.39
423.82,351.88,30.41,223.22,32.03,987.22,768.89,286.86,62.15
209.75,431.11,83.73,295.75,33.31,986.53,721.55,268.07,60.7
652.71,223.41,170.76,187.33,2.49,951.41,938.93,319.94,74.68
598.45,9.01,12.24,155.58,32.67,1114.25,715.45,259.33,76.14
,,,,,,,,39.95
553.0,415.32,196.44,230.31,21.69,970.39,662.97,297.02,68.89
340.69,371.61,189.71,236.49,39.07,1082.17,807.34,178.56,73.96
343.55,202.27,170.42,210.67,11.99,976.07,731.33,357.23,49.8
599.39,88.04,191.62,253.01,22.45,1101.35,827.47,264.04,74.05
458.43,182.86,109.63,221.45,32.3,1007.52,1009.96,131.19,67.48
507.37,123.32,11.68,300.89,31.43,1087.47,912.28,18.66,72.68
490.11,192.01,56.57,175.2,32.62,1011.41,874.24,58.15,73.78
472.14,24.4,114.68,191.54,14.15,962.05,866.67,18.25,38.94
463.56,421.44,28.21,258.11,34.35,1060.16,637.84,160.83,71.19
206.06,51.48,151.65,193.13,13.18,1108.51,816.62,43.25,34.85
249.94,435.09,77.25,291.09,14.14,1060.35,879.39,138.2,48.69
275.97,69.78,5.67,170.36,13.05,880.75,964.87,303.63,72.32
393.86,126.0,65.56,257.26,36.8,1047.19,619.49,99.55,68.03
161.57,35.41,149.68,277.13,11.77,1044.36,986.04,282.64,45.12
576.43,58.09,59.54,161.09,28.03,870.63,616.15,94.34,62.15
611.15,76.31,67.1,228.83,19.52,1061.47,724.48,142.61,69.76
,,,,,,,,58.65
251.04,392.11,50.74,258.85,32.54,1143.92,743.04,188.05,62.14
298.04,119.25,105.62,208.97,4.42,1113.25,775.47,271.07,57.55
442.28,176.14,0.49,169.96,33.74,1121.03,621.29,237.1,38.09
426.62,406.37,238.42,294.25,10.35,1099.64,704.99,66.88,63.39
449.99,315.13,175.95,268.4,8.25,1082.82,679.85,117.86,40.87
649.54,255.52,42.23,192.6,31.81,943.28,988.59,171.55,76.69
209.21,243.23,101.2,272.96,36.55,1056.94,696.24,301.12,73.48
305.26,258.75,223.94,287.05,2.42,1105.55,763.87,188.67,43.25
230.9,30.13,83.03,236.41,30.14,872.11,726.46,25.41,43.59
356.68,361.97,130.67,179.59,36.84,1167.74,641.52,50.1,69.98
535.58,215.94,0.0,226.92,13.54,907.59,726.05,106.25,82.1
522.88,390.97,231.55,217.71,27.09,1136.8,792.0,328.04,62.87
487.95,169.73,204.87,212.77,6.0,1018.09,961.18,233.24,54.51
,,,,,,,,74.72
433.52,286.18,212.25,239.71,5.19,904.94,932.62,131.69,50.62
247.31,69.17,108.34,189.18,35.09,861.56,860.78,226.2,35.04
402.5,333.6,196.28,158.33,11.15,880.85,741.71,294.17,72.92
410.88,319.44,151.27,300.01,35.86,1143.31,671.25,130.57,61.54
511.28,400.19,230.72,251.95,27.83,1026.08,716.24,44.59,45.31
498.16,214.01,229.21,292.62,20.02,863.45,854.19,23.82,60.36
192.11,348.72,207.06,286.32,7.71,935.43,859.04,20.03,58.34
193.01,47.54,224.65,264.2,25.05,829.25,992.98,285.06,34.16
289.75,289.75,0.0,278.16,0.0,955.9,609.23,43.25,33.69
477.72,285.29,68.34,242.78,19.14,915.47,784.29,64.26,56.03
307.44,0.0,0.0,225.7,0.0,1139.49,804.1,22.25,15.36
201.3,0.0,175.19,199.84,0.0,1031.38,924.0,71.25,40.95
576.11,13.49,86.3,221.46,24.27,1074.86,760.5,112.89,69.71
642.8,179.54,66.05,191.01,21.18,1046.01,668.19,132.16,68.38
174.91,89.67,62.86,287.39,20.91,1145.15,1005.76,341.8,61.21
170.93,413.1,177.65,180.68,32.93,863.73,662.66,357.88,57.77
544.12,29.28,96.38,197.64,14.15,991.79,730.26,71.25,62.88
425.78,0.0,0.0,234.24,0.0,1083.08,829.74,105.25,45.54
442.37,230.58,0.0,201.18,14.15,968.92,775.18,106.25,88.82
382.23,319.88,0.0,214.11,10.49,1073.74,627.49,43.25,66.98
400.65,310.92,25.52,261.33,13.96,1160.26,855.39,318.25,69.82
511.35,387.89,220.85,217.29,4.34,973.55,879.32,49.99,64.63
290.1,35.57,131.49,251.36,2.18,909.59,845.28,302.67,70.85
324.84,237.11,119.3,241.39,7.72,885.8,918.67,160.68,61.23
276.18,415.28,209.58,276.04,36.03,904.24,628.81,79.15,69.42
192.12,407.3,132.07,288.0,27.19,944.9,805.12,78.81,39.49
469.99,30.9,100.69,256.63,27.27,1000.54,750.97,185.9,61.57
583.33,337.79,41.56,281.54,21.61,1169.18,653.79,277.83,69.77
338.42,236.04,60.22,290.53,5.14,1111.36,680.61,182.35,81.42
304.67,0.6,40.42,270.03,18.64,887.46,666.61,89.91,44.13
255.24,419.64,88.77,234.19,13.68,1149.14,924.42,48.7,63.03
434.39,36.5,1.99,294.46,11.49,1030.51,919.22,193.82,78.52
546.52,23.41,45.91,268.71,6.31,1056.0,771.52,22.49,73.2
613.77,348.72,146.29,167.4,27.66,1006.54,635.7,44.15,73.08
383.37,64.6,77.2,242.63,10.32,827.83,744.66,63.31,41.26
572.48,306.84,72.28,157.55,31.72,1091.43,656.71,106.97,72.48
522.57,195.14,222.27,245.55,4.6,972.9,833.79,146.39,65.96
131.83,191.76,28.94,172.68,9.79,836.98,991.79,293.64,70.91
613.26,322.44,54.0,256.9,10.5,1070.56,800.86,58.89,64.07
652.55,160.68,160.84,250.87,9.69,932.66,848.74,100.72,78.14
246.76,434.21,174.21,204.22,28.86,997.7,673.37,246.94,55.81
252.51,229.79,164.02,151.13,0.46,931.32,692.77,256.26,73.9
331.7,32.86,204.36,156.32,0.81,1071.09,862.11,142.15,46.13
373.19,343.62,46.71,300.76,1.44,1077.52,986.76,358.35,56.86
222.84,114.47,101.69,290.21,15.72,858.24,770.29,238.41,66.42
339.93,330.44,171.19,206.7,10.11,920.2,960.8,89.57,64.56
215.31,238.75,76.54,212.44,30.23,1014.23,997.25,245.83,60.39
197.01,161.75,225.22,161.72,17.55,1029.89,794.14,81.82,47.53
266.04,132.32,60.37,268.13,20.49,1138.51,714.77,308.11,41.98
362.82,16.83,53.11,291.4,26.44,903.98,952.1,357.69,46.78
307.87,203.78,122.82,151.45,21.65,1100.34,1007.31,276.75,71.96
534.73,291.95,186.59,182.78,19.25,1052.7,887.53,26.08,65.76
182.06,239.92,99.31,222.04,15.53,1144.68,883.65,20.39,50.06
179.57,70.62,48.97,294.48,12.96,994.82,996.1,293.03,64.59
324.6,110.14,59.52,248.59,31.99,837.92,633.36,166.86,68.14
184.1,0.0,224.36,203.25,14.15,1016.62,792.0,43.25,17.44
154.91,166.03,176.36,270.81,11.38,927.22,969.88,152.06,59.02
582.84,268.71,25.65,153.58,5.45,880.51,662.42,196.89,78.4
165.92,197.64,153.72,209.84,12.2,946.67,783.59,43.25,32.56
604.32,175.77,236.77,288.04,2.83,1171.76,783.19,95.88,75.29
539.61,176.58,201.23,191.16,32.33,981.33,987.54,86.27,72.49
405.65,173.85,0.0,278.16,0.0,955.9,609.23,380.25,45.98
272.29,129.84,233.23,153.85,38.43,967.91,950.71,163.55,81.04
145.06,173.04,71.35,150.09,16.07,876.65,886.68,346.61,56.23
321.43,140.24,1.02,284.15,18.64,987.43,995.05,272.13,63.07
239.95,111.73,194.87,218.31,1.07,1035.24,639.9,275.57,69.36
296.09,99.82,29.52,172.53,5.8,1159.47,868.07,83.66,56.53
435.05,180.74,20.96,248.21,10.59,878.18,769.05,59.53,51.19
581.86,213.75,79.79,186.34,35.71,1133.15,724.88,343.35,52.74
575.04,427.84,31.8,170.35,9.74,1038.79,875.96,377.64,59.33
463.65,159.32,236.62,214.92,33.55,1035.05,650.38,38.69,45.86
399.37,167.36,226.85,264.01,8.44,1139.09,953.91,233.03,84.55
316.24,283.38,148.48,222.04,8.5,1020.08,876.2,232.63,62.58
362.58,0.0,143.35,213.26,11.59,1049.03,772.82,115.25,63.55
648.19,0.0,0.0,173.0,34.4,873.95,916.62,43.25,63.17
520.73,248.93,28.48,251.22,8.04,866.28,920.3,376.67,45.89
567.27,400.5,159.47,246.48,29.25,875.96,946.07,309.09,73.98
183.0,289.14,0.0,212.28,14.64,1096.41,692.31,43.25,41.92
338.08,388.95,19.04,295.09,9.13,1089.35,736.62,123.6,73.2
241.5,6.29,11.62,276.65,7.59,965.86,892.16,99.46,78.47
181.73,381.09,8.68,213.25,19.31,1020.93,632.41,158.63,80.09
370.88,92.72,0.0,278.16,0.0,955.9,687.18,195.25,57.06
645.32,237.67,200.23,215.35,27.2,1029.68,861.99,204.38,59.67
435.35,308.04,113.86,287.15,26.43,1138.81,643.97,319.26,36.44
431.93,358.16,12.45,232.44,28.92,1054.23,680.3,22.05,67.21
346.48,146.03,0.0,205.33,8.78,995.28,814.56,43.25,45.84
141.55,321.36,136.71,292.37,36.7,962.26,1002.29,46.54,82.26
654.77,197.17,226.47,210.28,7.64,969.62,689.83,142.44,67.85
637.03,415.04,198.87,178.79,16.02,1026.18,935.83,117.95,67.04
193.49,181.66,141.52,213.62,18.3,977.74,738.15,43.25,31.0
615.53,98.99,215.25,280.99,32.92,869.46,704.34,210.91,59.96
643.2,432.08,148.29,196.9,11.62,1036.34,781.06,239.61,51.95
439.6,176.1,189.69,230.55,2.81,1149.35,727.44,80.98,53.88
567.84,85.54,139.92,160.98,30.39,944.55,639.28,100.62,71.66
640.5,0.0,0.0,230.58,0.0,1153.85,628.72,29.25,54.21
644.61,251.01,111.72,174.85,19.61,1089.68,924.59,109.86,54.5
406.54,340.7,225.65,149.0,7.98,1067.15,960.01,244.88,52.34
167.19,276.27,189.76,297.01,1.48,1036.43,847.77,56.74,54.84
222.04,55.14,148.84,207.64,10.0,1086.56,800.72,71.25,48.72
658.16,75.13,123.96,203.49,14.84,1021.42,652.37,124.27,52.92
342.84,424.35,175.06,234.27,12.66,1048.54,671.34,98.03,62.33
334.46,18.75,114.01,209.14,9.01,964.63,771.34,256.45,55.84
477.14,399.08,117.89,207.42,11.34,953.61,640.46,293.44,59.59
469.97,119.43,229.22,157.54,37.47,1029.3,1016.06,96.17,42.84
457.33,220.95,23.68,183.47,18.22,1080.06,614.05,269.34,52.77
465.95,413.62,69.92,285.98,38.83,1155.14,874.74,99.07,71.52
454.9,362.87,224.06,245.62,38.78,827.12,812.78,265.87,58.13
173.85,245.9,156.65,278.81,20.17,1053.52,639.8,140.7,67.06
386.24,156.7,103.91,240.01,25.87,822.7,792.37,60.25,67.95
342.47,197.86,145.34,278.19,37.28,995.49,731.86,270.18,80.01
602.45,327.33,8.54,203.76,27.69,824.69,815.73,186.14,57.96
467.29,17.83,138.67,169.54,20.56,842.44,1017.53,365.2,44.31
522.3,254.24,124.7,194.47,7.24,1122.57,983.2,229.82,56.35
652.59,104.48,68.09,156.83,16.71,1114.6,758.68,171.88,70.99
203.74,91.99,203.74,200.08,9.64,1033.13,789.85,18.25,17.38
473.39,4.81,77.46,203.58,35.2,1044.23,856.8,63.39,74.04
329.11,294.31,44.14,231.58,31.2,860.22,649.84,229.08,66.21
341.24,349.13,202.96,158.06,30.23,1153.38,983.95,109.2,39.68
441.53,360.98,85.39,223.84,12.9,1045.94,896.79,62.02,40.86
628.71,264.62,91.27,161.4,11.65,1000.17,1005.64,308.75,77.87
315.02,433.07,77.05,296.86,22.01,935.83,960.56,195.47,50.92
428.4,192.36,137.43,293.73,37.01,827.41,860.37,52.61,58.41
217.36,235.95,207.2,195.68,0.75,1041.64,737.79,151.74,69.21
242.17,283.85,146.34,214.34,0.45,1002.59,874.11,105.1,69.49
562.54,207.75,61.35,267.11,33.53,938.13,838.95,24.69,68.18
168.55,407.61,98.18,163.97,30.93,1032.0,729.75,281.65,37.09
273.84,274.7,182.97,178.56,13.36,1155.86,861.0,335.66,66.45
478.94,258.98,119.31,194.22,32.13,856.59,754.91,360.15,63.17
189.24,200.99,193.42,242.96,37.28,1052.6,948.24,88.6,59.3
481.55,324.8,222.81,182.52,37.7,1151.57,968.5,344.56,44.48
354.04,236.07,0.0,226.55,0.0,1023.79,722.36,43.25,37.0
447.55,88.66,2.58,198.87,4.77,1114.92,1013.52,272.45,51.86
241.06,349.27,134.84,230.01,7.87,828.55,940.88,330.4,74.22
329.2,427.24,80.86,281.83,24.78,944.93,694.46,99.99,43.71
463.6,0.0,0.0,278.16,0.0,955.9,687.18,380.25,58.82
507.59,67.2,102.89,260.66,18.35,1016.52,729.78,302.4,70.98
212.31,104.8,61.61,182.5,38.83,882.77,918.89,169.35,58.19
258.64,0.0,152.26,193.98,9.52,1113.23,820.0,115.25,53.56
563.59,248.33,145.77,262.31,27.73,849.88,867.91,22.34,52.53
643.9,362.87,223.82,242.44,17.85,1089.56,916.58,325.88,34.98
482.3,93.8,164.15,184.77,0.76,927.38,1006.0,18.94,61.48
431.36,260.82,85.76,177.37,18.5,1079.85,697.79,56.34,7.62
252.8,365.18,25.32,203.91,16.49,933.04,908.25,256.65,67.64
439.98,274.55,156.01,231.18,13.53,982.88,613.03,270.83,48.69
,,,,,,,,53.54
561.75,268.97,54.94,160.23,2.68,862.46,867.74,340.49,71.77
224.36,149.57,0.0,248.27,0.0,983.79,820.51,43.25,26.94
274.5,0.0,0.0,220.82,0.0,1141.54,854.36,43.25,19.42
503.59,266.15,108.52,274.15,8.26,1131.34,928.49,241.03,66.74
347.1,321.09,35.55,239.81,28.64,958.75,990.64,227.71,78.03
458.72,0.0,0.0,261.81,0.0,1029.23,781.95,29.25,28.69
148.53,259.64,100.91,201.62,27.11,1044.6,949.31,94.15,80.67
475.29,172.25,85.54,283.15,14.42,1067.75,620.31,230.67,73.36
544.64,239.94,195.8,219.11,7.13,1026.98,1001.2,330.48,69.22
231.8,231.8,0.0,278.16,0.0,955.9,687.18,105.25,47.41
383.37,18.5,185.06,230.71,12.46,1157.16,889.39,262.71,41.16
324.52,139.08,0.0,278.16,0.0,955.9,687.18,380.25,59.26
309.88,0.0,0.0,241.56,0.0,992.82,885.13,195.25,30.95
183.79,432.59,136.29,260.31,13.95,1139.37,712.13,230.69,69.26
238.41,371.5,181.32,300.14,6.36,822.12,994.32,379.83,36.74
172.66,280.38,112.72,178.37,13.2,896.77,1006.1,344.52,58.39
650.48,65.93,159.14,171.9,21.6,928.87,941.46,242.43,75.15
289.01,38.62,118.95,280.87,3.91,1135.38,819.48,37.37,49.67
280.74,294.05,140.44,154.3,37.35,845.85,866.72,48.3,76.17
418.38,119.26,55.17,243.21,39.25,924.07,951.99,40.01,58.28
285.71,386.65,80.76,243.03,37.82,851.78,883.9,165.66,71.75
271.74,351.81,190.83,158.92,6.52,957.96,677.93,366.12,82.15
365.71,9.16,98.19,190.26,29.85,888.88,652.32,318.15,63.56
195.11,235.09,108.49,174.92,38.56,841.15,679.28,135.55,54.07
284.41,40.18,120.61,286.52,34.59,985.25,676.19,335.46,63.78
222.14,92.67,69.71,187.53,18.13,1121.69,969.68,365.77,63.45
337.38,312.54,227.51,240.83,32.57,983.99,676.22,131.16,69.34
288.97,116.05,25.23,215.48,5.15,897.02,654.18,271.65,76.2
433.95,185.35,197.66,196.55,14.88,989.16,997.34,83.56,71.66
565.57,98.96,223.39,227.26,32.2,1051.67,659.3,163.03,72.52
322.06,68.5,38.83,236.99,10.98,954.98,1005.57,58.56,67.56
561.02,46.93,219.61,243.1,27.11,1045.33,969.6,36.46,51.63
204.37,213.29,201.05,215.31,15.14,939.57,725.32,113.82,43.8
518.5,129.69,0.0,187.27,20.13,873.95,909.85,43.25,67.52
,,,,,,,,47.66
291.73,435.65,7.6,216.96,18.36,1163.52,719.51,264.22,78.11
320.45,229.17,103.05,290.88,19.48,861.09,730.3,216.28,64.19
538.65,11.5,186.91,186.03,1.96,959.8,1011.56,163.4,49.88
165.97,278.85,153.45,230.35,10.23,1165.29,771.99,168.22,75.12
606.88,83.98,99.51,152.38,18.59,1138.48,951.22,35.51,77.33
136.49,398.84,222.41,232.97,8.24,1055.51,794.76,188.3,65.25
318.97,90.41,169.41,201.89,39.19,1014.83,868.87,110.53,52.23
603.08,236.85,181.83,244.58,34.25,1144.84,701.67,272.68,53.2
471.81,360.26,214.46,254.53,12.47,833.87,618.71,226.53,53.5
531.5,100.11,103.7,244.35,8.02,848.32,856.82,247.18,60.99
167.18,78.27,136.99,236.02,4.31,876.35,822.15,307.04,75.56
415.56,287.62,73.24,249.71,12.48,1022.25,835.26,103.48,31.08
595.51,9.17,136.24,293.21,38.45,1170.94,836.77,319.93,52.65
325.79,321.22,199.56,279.56,33.79,864.45,841.53,29.81,68.31
467.02,366.19,61.71,247.59,11.09,868.37,731.99,62.77,78.4
272.3,61.94,148.58,281.32,15.47,1098.64,768.64,17.79,58.22
509.88,54.65,96.16,203.6,9.11,1147.47,897.44,345.23,54.13
210.59,65.4,64.82,292.71,31.78,910.24,780.88,361.17,67.89
240.06,322.45,39.33,198.59,12.72,1100.02,833.57,225.1,45.43
610.81,306.57,170.34,281.1,36.61,983.36,981.24,336.41,72.19
321.75,405.24,83.24,181.73,25.33,1153.2,666.19,150.92,55.36
570.46,167.47,159.89,232.74,30.56,865.07,667.65,215.98,74.07
396.5,0.0,0.0,224.48,0.0,1090.26,803.08,22.25,19.64
314.31,159.06,145.36,150.71,31.91,1154.5,854.76,163.62,48.68
306.71,0.0,144.33,229.97,7.81,1054.77,777.13,71.25,41.04
291.1,388.85,22.88,205.54,33.9,964.85,774.23,326.92,64.36
600.64,167.49,148.66,281.52,8.51,1130.04,868.5,231.88,70.01
391.62,0.0,156.16,222.04,13.42,892.31,800.0,43.25,41.73
636.64,384.29,90.95,247.35,38.43,1134.2,799.15,24.37,54.15
628.32,415.39,159.87,215.54,10.31,841.79,807.06,297.5,66.68
425.78,0.0,0.0,234.24,0.0,1073.85,826.67,375.25,47.19
126.7,431.75,32.3,201.39,33.08,858.65,781.57,233.2,34.38
524.3,400.25,12.4,203.46,11.26,1070.04,722.92,16.59,47.07
638.83,12.47,237.28,261.9,29.63,1148.97,813.39,54.04,56.27
183.43,141.32,60.53,167.87,13.11,919.22,760.42,357.22,82.73
332.45,427.11,42.82,274.04,30.79,930.68,897.11,230.91,81.27
496.47,29.19,107.05,277.95,18.87,1026.41,835.65,143.44,71.32
513.38,200.62,157.46,300.68,32.04,980.44,889.88,270.1,40.25
255.57,353.24,23.03,175.4,31.4,1042.51,943.61,145.09,74.97
355.91,228.77,147.87,156.76,38.67,1170.77,802.87,206.98,38.8
442.04,279.44,107.37,226.54,12.55,1117.14,798.88,177.65,44.48
493.53,271.25,99.53,191.21,30.51,1095.41,864.41,311.56,63.32
615.64,38.7,55.03,281.06,17.44,962.81,733.14,243.38,38.71
590.14,299.73,166.19,207.0,20.32,1113.25,737.97,238.28,68.98
446.52,228.14,0.0,233.39,8.05,845.44,776.31,43.25,73.82
196.6,435.26,202.36,168.79,19.45,883.12,724.07,158.73,76.96
216.91,325.27,150.3,241.88,20.23,853.7,839.22,171.05,67.55
208.26,276.49,27.21,171.94,31.34,1128.6,761.67,339.22,49.38
380.37,121.56,88.3,184.34,26.57,1002.99,994.24,64.14,66.85
328.18,320.42,51.63,260.93,8.06,1096.14,850.46,324.2,64.65
543.53,166.61,111.46,217.06,24.25,1015.98,725.47,345.98,61.41
490.2,115.53,0.0,179.83,13.91,971.08,873.95,22.25,60.59
579.5,0.0,0.0,278.16,0.0,955.9,609.23,380.25,46.96
536.94,80.54,76.67,246.52,31.93,1015.76,948.55,324.5,54.85
316.71,120.59,9.82,163.64,36.22,864.17,1012.11,104.08,69.36
521.55,57.95,0.0,278.16,0.0,955.9,609.23,195.25,46.86
528.92,424.21,216.32,224.42,8.0,952.7,913.75,254.46,65.62
425.18,323.47,133.57,279.99,23.59,891.37,799.34,309.37,62.71
239.36,373.63,207.46,227.56,1.79,1022.12,989.75,211.11,58.95
602.45,229.3,155.48,220.93,17.9,920.48,846.65,70.48,76.71
167.99,295.96,76.06,153.49,7.45,903.17,910.13,40.14,58.73
571.11,399.67,191.74,193.73,11.1,1066.84,676.52,315.22,62.51
544.12,29.28,96.38,197.64,14.15,991.79,730.26,71.25,68.4
427.55,255.19,99.04,216.67,36.14,942.35,674.96,212.81,68.41
153.22,376.89,82.28,207.6,7.37,1099.72,647.1,198.84,63.94
,,,,,,,,60.93
630.2,161.97,34.27,264.54,6.98,1014.35,671.31,198.18,53.42
478.48,82.48,74.68,235.03,1.5,1037.24,635.88,356.56,60.82
128.41,198.89,61.25,168.32,36.58,1030.4,864.63,131.01,65.09
354.29,0.0,117.36,205.08,11.47,985.85,887.18,43.25,38.91
636.03,295.6,194.91,172.98,30.73,882.08,633.5,308.34,55.66
531.2,392.61,83.39,242.45,14.71,830.18,621.79,149.11,72.23
552.66,339.45,50.08,170.29,19.11,1015.57,756.02,18.84,56.96
493.46,370.83,8.43,163.53,9.21,839.78,873.1,154.4,63.29
502.8,319.51,33.74,264.26,25.24,1168.77,921.7,314.47,66.05
266.84,360.43,39.4,251.61,25.67,1081.57,747.63,98.31,36.14
317.68,25.94,130.21,269.8,25.2,936.93,1017.47,92.35,73.86
274.83,159.61,132.85,288.47,3.87,931.83,811.17,132.03,42.61
143.19,143.15,128.07,185.82,32.55,1084.44,625.2,268.62,79.26
334.61,215.81,129.28,214.53,4.99,1152.92,884.26,192.75,72.07
610.12,0.0,0.0,244.0,3.66,1153.23,628.92,43.25,49.43
456.28,230.82,0.0,207.52,12.32,949.85,776.1,106.25,72.69
237.53,0.0,122.61,202.03,9.15,1032.21,929.13,71.25,38.04
554.24,50.67,111.72,295.6,0.53,1002.75,755.47,234.45,26.78
543.94,403.3,34.2,194.37,1.73,875.24,799.16,174.66,75.84
285.24,314.26,55.81,227.19,2.13,1050.43,997.48,115.83,73.35
,,,,,,,,37.41
178.73,139.81,108.95,246.32,10.74,882.05,850.77,43.25,22.39
182.63,78.19,20.97,250.25,35.27,1055.64,923.17,73.68,56.15
297.81,167.59,128.64,193.94,22.51,1031.14,908.36,159.73,74.38
617.83,191.75,184.82,234.95,25.81,929.0,876.07,321.07,21.36
245.34,56.21,239.31,252.82,36.64,880.25,846.45,178.42,60.9
636.54,392.04,32.11,190.03,21.55,940.35,979.28,149.99,69.22
376.61,394.23,125.13,252.02,14.78,1157.97,795.07,237.29,76.06
352.56,346.66,193.4,210.4,34.3,945.02,959.19,20.58,28.94
341.26,398.21,243.29,168.23,9.78,902.08,618.25,263.43,70.76
287.08,11.93,208.62,282.98,1.16,1073.27,790.16,261.72,75.37
202.61,243.88,237.73,235.01,24.68,1020.11,656.71,320.25,59.69
145.56,256.97,131.64,262.59,36.32,1097.8,778.67,318.02,82.79
493.37,318.47,44.54,257.37,3.42,1012.26,945.17,91.59,46.26
382.23,319.88,0.0,214.11,10.49,1073.74,627.49,106.25,74.59
269.83,395.12,107.78,204.23,25.3,1024.23,703.91,351.38,67.84
305.24,203.5,0.0,248.27,0.0,1002.67,711.9,22.25,21.67
144.6,105.14,102.77,181.53,5.61,1134.75,776.83,343.79,60.18
280.08,347.03,231.66,238.17,38.91,1071.96,993.11,220.74,70.0
655.2,195.34,194.45,197.7,22.54,1113.98,924.46,24.52,65.45
459.34,318.03,224.15,278.78,34.24,840.81,638.74,197.15,77.77
327.89,285.46,115.67,174.01,18.04,852.72,806.24,26.8,74.98
221.31,0.0,203.74,206.91,9.27,1082.67,797.74,71.25,39.84
301.76,18.64,46.3,199.37,10.28,1077.44,644.43,297.31,54.49
588.13,156.06,5.43,186.13,16.05,910.49,808.17,103.77,70.86
,,,,,,,,68.99
263.12,333.56,208.35,209.25,4.07,1129.22,676.3,306.94,74.43
462.99,184.46,0.0,187.76,19.4,1163.38,620.51,106.25,63.28
291.29,181.71,210.8,267.92,4.74,1007.1,928.25,292.32,76.24
565.0,359.58,153.26,253.98,34.21,842.65,964.14,143.25,78.03
172.67,126.86,166.06,276.22,18.13,1071.07,675.07,51.84,75.66
636.77,269.0,241.46,273.01,20.67,1138.04,860.25,371.61,65.34
455.05,3.18,37.77,180.18,35.96,1092.02,788.42,94.27,30.33
396.31,309.86,65.6,256.21,12.52,924.49,954.28,137.29,36.55
339.21,4.43,36.7,233.71,16.93,931.11,680.03,349.55,40.02
170.31,255.47,0.0,234.24,0.0,1073.85,827.59,105.25,44.08
188.86,0.0,174.22,235.83,11.1,1074.26,714.56,43.25,13.96
432.35,139.91,32.26,242.66,27.24,1083.87,618.08,28.75,66.18
395.04,245.58,98.17,192.04,14.54,892.05,689.92,284.34,64.52
308.57,22.59,223.52,241.23,13.95,916.87,872.17,266.08,49.48
464.55,168.89,135.88,211.7,1.91,922.96,620.09,156.86,69.59
173.29,304.41,192.93,265.16,14.6,1171.2,860.59,312.19,69.62
418.86,15.44,75.28,243.43,13.34,929.85,879.44,104.37,67.11
529.15,94.31,40.21,204.13,8.02,1136.14,747.38,183.04,67.85
,,,,,,,,73.3
265.29,432.76,68.5,244.38,11.44,929.38,799.99,353.39,68.39
222.04,55.14,148.84,207.64,10.0,1086.56,800.72,18.25,8.2
449.64,106.58,130.82,250.62,23.28,1092.36,624.12,301.69,46.6
195.97,355.45,212.58,177.95,5.2,1112.9,789.88,229.61,57.41
189.53,97.19,182.12,168.26,24.72,873.04,900.81,172.49,55.59
230.28,18.02,22.67,299.47,22.8,1073.78,911.32,66.94,77.49
300.8,351.59,17.29,285.8,25.8,1027.38,940.61,139.39,61.72
561.95,308.7,135.15,225.15,19.88,954.69,969.82,301.95,51.9
271.75,134.86,241.22,155.94,4.34,1164.35,732.74,53.76,42.3
623.46,263.75,63.16,261.34,26.76,1003.15,631.2,45.13,70.79
342.82,52.92,128.0,248.46,38.37,1102.19,842.58,336.52,46.55
195.66,407.89,52.57,198.46,0.9,903.82,1007.18,119.69,57.19
314.98,361.88,70.45,243.93,35.02,1090.35,954.34,321.17,62.63
455.65,254.11,137.47,162.51,3.92,980.24,795.56,357.95,39.18
399.7,348.91,240.2,233.65,6.54,984.05,622.48,203.2,55.05
208.22,140.52,214.5,264.48,38.14,900.69,873.17,246.29,79.17
224.48,50.37,10.69,224.25,13.31,1019.89,831.29,141.43,79.81
140.13,416.11,50.28,174.45,31.61,978.21,659.8,88.51,53.33
507.35,227.6,139.91,273.96,17.55,1071.26,823.53,300.5,52.9
550.13,98.36,136.56,169.76,21.05,1029.47,701.47,258.99,50.1
614.5,381.48,77.93,206.13,31.73,1030.87,624.45,212.01,68.93
222.03,155.36,112.17,179.87,4.39,1135.16,876.89,335.16,35.05
549.41,245.0,10.86,185.55,10.98,1159.86,643.19,128.0,54.36
334.33,253.98,193.91,285.34,11.57,919.78,704.46,66.68,44.64
598.38,184.0,22.02,259.88,25.98,1003.57,900.08,245.57,46.46
367.14,139.09,40.88,283.07,31.1,926.44,682.54,60.12,72.99
231.49,360.48,236.85,160.12,1.15,1167.26,710.15,262.7,59.62
301.1,0.0,152.62,174.83,14.64,1114.67,821.44,18.25,26.34
366.56,17.21,21.22,277.02,33.11,960.62,719.01,249.76,75.46
228.35,171.46,197.96,279.08,20.04,933.68,865.05,297.06,60.62
551.4,277.18,103.47,271.65,19.7,999.89,982.57,151.06,72.98
281.98,284.92,12.7,213.13,4.75,822.09,845.35,332.37,72.68
587.23,7.96,22.27,240.28,19.56,867.59,936.1,151.64,65.0
574.98,435.41,58.75,300.81,20.21,1002.48,881.99,325.84,52.58
199.54,402.54,98.15,270.95,6.94,910.83,870.0,51.4,74.28
131.31,310.11,57.49,265.08,39.22,1067.63,685.28,213.45,64.86
559.34,185.17,228.59,259.34,13.18,924.94,724.7,140.76,72.65
303.72,210.28,144.99,232.94,37.3,904.45,848.42,287.14,70.0
653.4,255.37,31.9,271.76,25.03,1150.29,995.4,133.37,41.97
233.37,122.7,164.55,191.13,25.59,986.25,743.18,184.65,70.63
498.4,38.87,159.09,239.61,12.32,1102.27,675.73,249.37,47.71
305.0,0.0,116.75,228.63,6.71,981.44,883.28,29.25,27.91
199.17,74.5,235.76,159.48,6.57,897.03,870.19,71.49,76.58
220.5,77.62,66.44,165.42,28.48,983.49,849.52,271.31,48.08
140.72,92.25,11.88,244.17,22.41,895.93,809.09,26.98,76.49
185.44,0.0,136.64,224.48,9.76,1017.44,836.92,43.25,13.64
347.76,174.88,116.89,215.46,3.71,1012.14,1017.25,295.81,75.44
283.97,413.37,116.04,164.81,2.68,1101.98,914.39,52.98,25.21
317.7,356.33,112.87,266.48,12.5,1076.06,958.2,354.68,56.45
170.8,162.26,125.66,244.0,8.54,939.49,772.31,43.25,40.81
563.39,202.17,16.66,275.92,33.69,1131.65,930.18,94.21,72.74
292.08,20.74,129.91,274.19,11.8,840.71,767.83,184.96,74.98
125.26,260.12,15.5,285.96,34.91,1082.72,804.71,154.63,51.24
176.37,199.0,109.03,254.72,6.93,890.95,820.13,326.74,40.59
282.8,0.0,148.35,212.28,8.17,1083.49,798.46,71.25,47.82
360.88,0.0,0.0,226.55,0.0,1119.38,789.03,22.25,16.62
511.04,265.05,71.61,174.12,17.77,1152.44,612.74,190.74,75.94
531.81,248.3,151.88,175.68,23.93,1067.58,729.57,142.79,53.18
345.75,408.96,196.84,283.06,25.36,1092.93,613.55,241.76,54.24
458.86,253.33,149.33,248.97,29.8,1015.21,943.55,320.67,45.73
284.7,185.16,109.67,217.75,8.94,1167.81,968.85,371.42,72.07
510.19,185.1,119.96,269.75,18.8,839.06,947.91,308.61,55.89
598.3,257.91,29.06,258.99,4.73,1014.51,996.9,28.65,74.76
579.77,232.14,128.91,199.74,13.03,1123.21,705.21,282.51,65.92
390.14,378.2,107.0,208.69,28.86,829.1,712.31,285.86,38.23
280.99,97.38,179.52,167.56,6.53,1005.58,818.41,82.36,40.51
345.64,89.3,217.09,274.46,3.92,897.55,812.46,98.25,31.86
543.82,343.01,97.21,196.26,19.13,1105.48,642.33,65.08,50.36
307.81,0.0,120.54,178.49,17.32,1013.13,911.79,43.25,56.67
284.51,186.35,226.57,202.53,20.55,1116.33,1006.21,59.01,65.18
621.48,428.82,93.43,255.97,12.06,934.11,647.06,193.02,71.59
640.5,0.0,0.0,230.58,0.0,1153.85,628.72,285.25,75.16
262.18,65.64,148.72,189.83,11.71,1040.31,800.62,29.25,43.23
134.77,26.0,228.09,227.26,2.99,822.44,868.34,293.18,66.02
317.56,12.41,125.22,178.67,30.64,1170.19,947.29,170.71,60.36
319.0,231.65,223.01,219.58,8.72,843.51,898.73,117.72,64.93
244.0,0.0,0.0,219.6,0.0,1153.85,866.67,43.25,13.72
268.07,83.24,193.16,254.86,32.11,971.38,846.98,195.87,67.75
236.82,24.0,17.71,273.09,27.23,989.69,653.24,247.02,49.84
175.45,27.26,147.4,165.38,22.78,1031.33,613.49,16.84,71.99
307.81,0.0,120.54,178.49,17.32,1013.13,911.79,71.25,62.53
140.32,40.05,26.21,150.32,31.36,852.35,766.19,115.61,55.14
373.06,75.67,207.37,270.52,12.15,1103.52,817.06,52.64,72.21
465.31,0.0,0.0,226.55,0.0,1132.92,804.41,22.25,16.28
259.37,0.0,122.49,194.47,12.69,1029.54,926.97,43.25,41.89
280.43,75.71,158.76,218.84,33.8,1040.17,945.93,74.25,68.98
458.83,416.53,95.11,267.1,2.83,1165.81,916.23,121.74,30.98
509.62,257.09,122.14,270.49,16.03,1145.8,910.8,280.33,57.05
461.67,81.56,171.8,209.92,19.99,1049.03,1009.28,177.64,38.89
499.94,98.61,160.08,226.52,20.28,1073.4,705.79,128.99,71.13
472.92,116.36,83.4,164.27,22.61,903.31,689.04,348.59,73.46
260.47,0.0,212.52,194.22,14.27,1070.36,791.69,71.25,57.41
408.2,421.57,88.93,158.43,38.66,911.01,730.29,151.74,73.16
508.0,43.34,103.9,267.8,37.33,1119.09,977.86,365.37,49.79
620.18,20.18,6.43,172.57,4.28,962.76,619.07,314.85,75.38
343.76,384.88,193.06,283.64,10.82,1110.68,725.49,240.69,65.75
433.1,23.18,118.34,176.9,15.98,991.79,893.33,43.25,49.31
216.87,339.41,205.39,301.27,2.74,1091.69,786.72,23.51,65.32
278.43,153.03,18.51,196.44,17.77,1122.19,787.51,47.51,74.82
558.89,8.52,2.47,246.42,37.85,968.87,745.71,229.7,73.75
162.26,244.0,0.0,234.24,0.0,951.18,860.72,18.25,7.71
124.75,365.55,22.31,288.48,32.42,1034.48,923.3,191.01,61.88
232.17,0.0,152.74,197.52,12.08,1116.0,823.18,29.25,25.45
215.89,188.37,159.12,182.45,37.56,1055.0,695.81,351.28,74.77
268.56,407.91,108.04,255.47,11.06,1115.06,826.32,19.38,63.49
448.6,336.78,22.21,235.82,16.65,910.84,877.64,360.79,73.92
307.81,0.0,120.54,178.49,17.32,1013.13,911.79,29.25,47.36
605.38,259.78,3.97,181.28,31.33,852.58,956.87,345.48,66.83
200.27,356.89,237.35,156.5,8.88,899.41,688.74,50.44,64.92
490.58,370.37,11.11,182.32,36.28,833.17,965.24,90.59,72.72
200.99,167.69,223.6,272.53,7.5,891.52,717.02,267.11,77.8
489.25,359.08,176.05,223.66,38.8,823.78,762.26,164.49,53.05
142.2,12.47,82.67,283.02,16.87,1025.48,793.9,375.4,55.8
330.11,238.17,236.52,186.27,30.58,1051.26,921.88,268.14,69.93
636.84,0.0,0.0,178.12,0.0,918.97,918.97,22.25,56.57
381.66,339.04,215.92,238.62,12.26,1150.38,713.04,26.49,54.26
406.26,0.0,0.0,234.24,0.0,955.08,864.21,105.25,46.68
466.7,85.44,201.77,195.38,38.56,1076.94,779.88,325.12,62.52
193.43,428.99,121.7,187.24,22.4,935.1,851.9,36.67,59.02
178.11,94.06,104.11,177.32,8.24,1035.23,867.14,198.9,43.39
585.87,106.04,157.06,168.14,1.07,975.02,801.45,60.27,51.45
384.51,51.86,110.04,196.41,21.36,874.1,812.21,86.66,65.8
323.57,82.73,71.83,196.41,23.89,1067.2,767.54,197.54,70.44
151.01,276.38,163.41,192.84,3.63,1125.95,1006.64,303.69,54.39
418.54,16.33,70.7,286.91,5.63,1099.38,930.51,54.51,66.28
433.0,231.01,204.18,209.62,18.31,930.52,610.77,262.7,50.38
633.24,395.07,170.63,283.2,26.78,836.43,843.56,279.77,62.65
294.82,62.72,195.18,150.96,23.17,1020.8,674.08,112.13,38.95
316.43,425.78,51.98,238.78,22.46,1087.27,659.25,134.99,69.5
403.38,133.66,46.87,213.63,14.18,969.26,932.23,214.08,75.91
176.9,0.0,218.38,246.44,9.76,845.13,891.28,43.25,11.8
,,,,,,,,63.97
341.59,191.53,189.33,186.51,16.48,947.55,907.77,335.52,75.13
177.78,176.42,60.64,166.02,31.19,826.23,756.0,251.07,71.76
514.13,150.42,208.8,197.18,2.2,983.38,970.12,320.63,64.77
288.65,221.99,224.68,179.77,30.72,1152.68,703.21,88.05,57.92
125.94,165.36,23.79,209.92,5.95,1104.98,777.83,216.49,66.41
201.59,176.91,215.87,199.47,35.29,1028.37,696.74,55.69,24.33
569.95,324.81,93.52,205.13,1.15,1130.71,796.49,68.52,60.11
144.87,77.28,82.49,166.37,21.6,897.26,705.89,369.92,53.43
217.52,302.42,56.02,290.56,36.14,984.4,822.2,22.61,60.63
521.45,216.61,96.84,222.93,19.27,1038.23,653.31,166.87,72.34
226.26,306.12,226.14,154.39,9.39,1036.51,650.09,319.16,64.5
263.19,409.62,189.93,260.18,10.59,1001.22,878.39,373.36,60.47
217.9,212.16,82.5,205.17,9.74,858.49,657.6,26.95,53.16
184.1,0.63,8.46,260.68,17.57,1039.8,713.85,117.2,64.23
420.11,154.41,7.0,291.23,23.2,1113.91,624.53,18.27,74.82
360.04,66.26,197.81,228.63,33.87,1163.39,766.98,373.27,46.17
323.54,429.28,169.31,252.76,34.08,1061.16,700.68,366.71,74.37
446.13,257.05,228.6,198.69,19.76,1033.84,845.98,20.45,40.0
335.65,116.84,80.11,279.88,32.72,1025.96,1012.21,376.3,45.98
130.38,171.87,87.18,200.99,27.2,865.17,721.14,363.18,70.04
170.78,215.6,232.67,173.9,11.6,1040.56,918.1,211.51,76.93
427.0,0.0,0.0,247.66,0.0,998.97,794.87,29.25,25.23
286.57,264.72,240.92,149.39,24.69,1072.03,839.96,38.2,49.22
,,,,,,,,54.2
494.22,288.09,97.64,203.26,3.94,1007.96,985.66,308.09,64.93
130.43,112.14,127.38,218.91,0.82,1099.07,777.56,145.31,62.64
500.27,151.08,202.65,260.4,38.13,895.63,686.71,140.42,73.66
407.48,21.47,192.76,230.58,18.67,991.79,649.23,43.25,49.65
456.28,230.82,0.0,207.52,12.32,949.85,776.1,71.25,71.01
157.95,346.1,156.66,287.74,8.99,913.14,900.64,82.47,59.86
377.22,235.14,6.55,221.81,0.92,934.73,635.84,186.56,48.08
397.72,0.0,168.36,242.78,13.42,821.54,812.31,43.25,45.56
635.18,274.42,110.07,176.21,7.29,1035.6,613.95,107.54,47.83
416.61,10.63,80.74,280.18,36.4,1068.53,908.46,237.31,56.75
146.24,96.92,65.14,158.68,6.91,1166.57,962.39,183.01,74.42
181.78,186.66,236.68,234.24,9.76,958.97,638.97,43.25,27.53
548.76,7.41,144.43,169.45,6.89,880.43,629.89,113.79,76.65
295.72,55.46,57.57,271.8,12.3,1097.75,763.02,59.54,74.84
191.89,6.09,68.58,164.12,28.8,1078.16,987.43,250.51,70.08
539.79,298.77,42.87,268.15,11.6,1158.31,644.21,108.55,54.27
350.45,4.67,141.96,201.54,19.83,1078.52,693.25,334.64,66.52
345.64,398.32,169.46,243.11,34.42,1027.96,998.56,117.52,41.31
393.08,0.0,141.03,239.12,12.69,838.87,834.26,43.25,34.92
226.17,215.48,79.23,202.67,2.42,1110.04,822.01,230.08,75.64
336.8,57.83,30.22,253.86,20.84,1075.71,789.62,322.65,70.49
622.88,218.72,222.94,241.83,4.32,1154.33,895.9,354.91,70.67
354.06,376.89,68.0,167.67,5.14,888.62,719.91,168.22,65.62
236.25,206.86,95.7,274.64,16.87,1062.93,794.59,266.36,38.92
251.8,235.25,164.54,258.57,38.38,928.21,731.8,114.26,55.57
206.05,27.37,39.26,151.17,29.94,879.63,859.17,89.99,56.78
531.69,314.44,15.42,191.89,7.01,930.71,928.44,329.21,57.11
473.87,81.67,240.51,158.1,29.98,1150.04,937.12,218.61,38.28
399.42,102.73,6.22,251.57,2.01,900.54,695.22,78.71,69.67
365.83,179.34,210.44,187.35,12.32,1101.87,639.61,100.58,68.58
217.16,47.64,224.95,266.53,19.37,966.23,871.41,344.11,81.18
509.24,425.04,102.4,211.56,25.5,1144.42,810.78,110.18,70.72
540.93,437.31,193.6,216.97,11.88,1045.14,871.67,316.27,38.78
417.03,315.33,10.11,188.84,25.62,1152.1,620.79,64.0,76.32
313.6,423.55,192.39,294.37,10.04,1051.05,647.03,359.13,53.35
554.51,221.87,182.04,224.79,1.91,1118.5,826.8,88.71,66.78
268.99,136.63,237.73,282.42,26.55,1024.8,946.54,33.0,62.45
329.55,383.09,213.08,248.8,7.71,890.3,981.08,21.44,67.41
208.49,105.22,28.66,160.7,38.22,983.32,639.03,216.88,30.95
639.89,165.02,67.18,152.38,27.8,840.63,651.12,280.01,67.42
264.73,47.52,83.96,289.07,10.29,887.13,640.49,367.11,60.24
408.13,210.85,38.42,257.76,7.61,1073.8,743.33,299.33,68.09
324.87,5.68,87.42,201.73,37.89,1075.42,930.15,147.17,81.12
581.96,410.46,113.68,291.66,35.02,958.43,981.95,281.68,62.09
227.82,253.86,203.44,198.73,34.91,918.02,832.93,170.33,69.97
637.03,377.02,113.99,223.5,1.34,830.83,754.41,171.18,70.94
382.49,307.45,231.59,256.5,38.14,1085.22,898.84,59.08,58.61
497.85,208.52,135.43,296.7,3.41,957.59,1007.74,256.37,51.37
161.32,393.04,183.87,279.06,34.32,850.99,958.26,53.75,67.64
349.29,245.1,0.0,176.53,13.66,1030.36,824.31,43.25,75.82
453.69,291.05,39.0,215.14,29.85,1039.22,996.03,132.55,52.82
553.47,223.82,83.79,200.94,19.34,1065.26,864.88,291.35,76.35
206.73,383.56,4.92,160.16,3.25,873.18,892.34,321.43,62.09
600.16,88.29,207.69,216.15,29.31,993.99,909.15,200.83,43.6
610.0,0.0,0.0,244.0,0.0,1153.85,628.72,16.25,14.16
363.01,49.4,161.56,237.25,35.57,950.92,867.72,273.78,53.56
546.56,420.24,220.67,277.87,9.71,1049.87,868.97,368.29,51.79
211.66,281.6,176.2,210.54,19.35,1152.5,713.77,91.04,59.1
260.84,119.68,29.89,221.67,8.17,1093.33,805.64,115.25,55.97
139.66,387.71,83.72,235.2,35.14,1157.3,722.13,304.92,70.38
585.6,0.0,0.0,234.24,0.0,960.0,739.49,105.25,60.79
138.66,35.19,11.34,244.32,35.45,968.73,783.45,67.99,70.24
349.85,202.9,100.29,247.69,33.14,1144.4,866.57,258.69,50.55
337.94,0.0,0.0,233.02,0.0,992.82,877.95,105.25,35.0
554.17,436.13,222.85,255.35,15.99,1086.77,902.78,301.48,54.24
542.99,17.71,112.74,191.94,18.22,931.24,650.63,70.74,61.05
615.25,70.04,221.54,285.39,13.16,1022.86,788.22,163.8,70.18
610.97,423.09,240.82,267.86,38.64,1041.01,756.5,166.17,41.14
441.96,48.22,146.01,287.1,33.29,1129.28,750.67,303.38,36.06
497.84,307.31,22.4,182.58,21.44,995.56,899.42,22.3,60.75
157.43,389.79,67.16,219.81,28.19,1091.96,731.6,348.57,69.6
509.83,196.63,124.7,261.8,17.8,840.11,942.65,186.88,15.51
485.27,51.8,231.65,268.79,34.1,926.65,791.57,179.3,50.4
162.38,256.44,0.0,238.75,3.78,973.74,815.69,43.25,32.41
449.19,124.37,69.42,276.61,10.96,897.65,693.01,240.39,63.49
646.1,29.17,161.26,177.86,31.0,1054.56,822.89,84.98,47.91
472.14,24.4,114.68,191.54,14.15,962.05,866.67,22.25,46.67
430.16,34.28,65.94,206.28,4.2,878.97,824.3,98.41,60.69
516.45,297.24,41.43,246.37,37.13,868.02,964.8,211.15,69.65
129.06,391.92,224.95,150.62,23.16,984.66,827.74,222.23,70.43
495.09,108.93,118.02,294.99,24.39,899.53,793.09,26.05,73.63
480.52,4.77,46.59,222.47,21.57,1031.99,918.13,378.44,64.34
478.49,278.33,167.19,223.15,15.66,844.5,846.81,94.42,21.9
554.94,282.77,107.07,267.78,28.2,934.13,849.03,16.97,71.76
311.52,289.9,82.11,171.89,11.9,1006.11,844.52,169.54,34.08
260.71,119.68,29.89,221.67,8.42,1093.13,805.54,29.25,34.04
308.0,77.37,207.71,249.47,29.78,1048.84,748.15,55.64,73.58
249.27,48.55,171.58,268.5,24.31,999.59,737.88,92.2,71.46
376.82,167.31,154.91,282.99,3.58,972.59,654.88,292.56,51.73
442.95,111.54,24.4,234.92,23.12,1034.21,706.49,219.04,73.39
307.16,143.24,212.47,279.23,12.35,840.68,745.96,22.28,73.08
498.77,386.35,62.45,234.98,18.62,1071.94,1003.76,155.85,35.93
463.84,44.35,239.2,299.17,4.41,1155.43,652.84,303.26,53.12
187.32,288.61,224.43,208.17,13.27,904.3,926.35,275.41,52.02
254.8,81.03,167.19,218.51,24.74,881.36,778.28,198.05,55.67
642.14,267.86,190.91,219.25,18.42,1107.0,739.15,310.83,50.09
242.29,161.53,0.0,234.24,0.0,1003.49,846.67,195.25,46.73
576.39,278.37,62.79,153.63,1.72,967.59,648.68,352.19,51.51
167.45,14.94,81.13,176.59,21.19,1100.35,626.0,148.83,53.47
360.75,0.0,116.63,209.23,10.86,979.59,881.23,71.25,54.57
168.65,87.48,50.94,223.16,3.74,1139.98,805.83,358.63,72.63
277.71,167.71,179.36,242.8,27.52,835.69,798.76,321.06,50.06
406.26,0.0,0.0,234.24,0.0,955.08,864.21,43.25,35.81
152.35,259.86,178.88,255.39,19.57,1159.57,868.17,57.75,19.6
,,,,,,,,54.26
321.36,76.3,52.18,199.57,35.34,1098.5,841.79,229.68,67.72
303.22,263.07,84.26,292.92,28.82,1136.25,980.39,221.32,50.71
457.5,114.44,0.0,154.45,28.55,873.95,1018.05,22.25,51.18
291.33,15.16,202.06,173.08,22.99,1143.61,991.47,227.41,50.0
344.72,19.91,242.87,246.44,12.3,875.76,939.01,16.38,57.04
338.04,255.08,208.45,225.89,35.09,1014.72,746.7,28.01,69.04
632.35,245.71,166.78,222.45,22.46,921.26,740.45,305.29,63.35
498.12,40.7,156.94,222.91,3.98,982.56,796.69,128.88,65.36
383.6,55.86,113.93,168.54,36.59,846.17,626.51,374.6,65.4
218.8,126.25,39.09,261.8,1.06,1080.86,906.58,120.45,65.74
368.63,382.0,134.26,173.46,21.99,916.42,841.99,84.34,63.08
,,,,,,,,46.37
164.73,81.77,192.47,282.81,11.98,944.8,927.94,78.62,72.74
440.28,363.2,212.72,168.01,10.29,1041.38,760.17,67.03,52.0
237.65,127.39,13.42,223.92,13.86,861.94,774.06,319.49,59.09
301.1,0.0,152.62,174.83,14.64,1114.67,821.44,29.25,47.29
287.92,191.54,0.0,234.24,0.0,997.54,768.31,22.25,22.87
622.11,132.29,215.01,232.06,2.85,953.89,975.22,266.15,70.11
250.9,43.48,184.69,157.67,21.84,843.82,1005.15,370.24,56.11
507.99,36.45,4.35,186.07,10.73,1077.78,831.09,154.71,66.89
460.57,334.75,51.46,288.32,32.79,1068.55,849.87,216.96,33.29
559.23,3.93,25.42,193.67,15.56,1173.44,1015.47,106.8,58.65
615.6,13.83,23.42,222.56,23.57,1047.24,647.42,274.57,72.81
479.46,274.35,109.95,158.51,10.42,947.01,1008.72,315.22,84.08
314.05,197.59,56.0,162.59,5.62,979.44,846.63,218.48,69.21
493.85,373.96,72.51,238.85,2.97,884.79,714.31,195.28,50.03
388.84,423.88,208.12,269.35,27.54,835.24,636.78,90.51,48.4
133.3,115.01,98.71,176.52,32.79,1030.61,612.62,92.9,43.06
150.57,113.69,153.5,232.63,31.95,1162.06,623.11,91.27,52.33
333.55,112.1,0.6,189.98,26.67,1060.74,846.33,248.01,67.69
323.3,135.42,104.92,237.9,7.32,854.36,810.26,43.25,46.52
368.44,0.0,0.0,247.66,0.0,998.97,837.95,29.25,20.31
282.8,0.0,148.35,212.28,8.17,1083.49,798.46,29.25,29.98
161.81,177.78,138.59,244.06,26.01,1094.75,885.75,324.71,41.05
638.69,154.94,47.4,212.96,2.97,971.19,1000.48,245.78,27.57
395.26,364.39,104.39,176.97,16.27,1011.3,801.49,25.34,72.43
211.53,432.06,117.51,188.13,13.29,1139.12,683.67,324.73,74.12
606.24,236.53,170.92,186.97,39.14,987.14,896.11,159.42,39.27
429.62,414.57,115.54,193.47,25.19,1104.2,912.1,230.84,65.58
394.91,345.02,0.0,224.24,12.57,966.87,676.82,71.25,89.82
628.31,377.08,212.52,201.71,37.35,1081.27,929.35,292.57,68.31
398.8,392.11,86.26,164.58,0.19,995.6,752.93,315.68,66.47
370.11,419.34,31.49,170.84,6.08,1090.25,867.45,298.95,66.83
375.52,230.55,101.15,263.24,21.35,882.5,1015.92,199.52,62.37
200.65,32.19,217.21,268.44,37.14,888.33,751.83,137.76,72.77
295.71,78.05,150.13,201.05,15.13,965.2,809.96,87.93,61.49
581.48,395.69,97.77,208.55,17.36,1167.55,856.86,263.49,74.24
577.9,414.0,166.27,297.76,33.76,1149.19,980.04,107.45,21.43
575.8,291.78,181.0,195.87,20.35,872.44,945.68,99.11,67.85
526.99,253.98,243.68,271.34,10.58,1124.69,1007.63,372.61,71.09
561.89,190.72,95.72,251.94,0.93,1168.83,902.17,149.14,23.58
254.97,365.38,208.67,153.61,32.4,1001.67,910.68,23.12,49.11
570.6,332.07,241.53,280.28,18.36,1115.03,826.83,266.34,45.63
316.48,49.93,48.68,159.94,3.96,1144.48,650.15,259.37,70.97
481.83,376.0,115.55,196.65,17.29,996.78,865.66,142.39,59.9
462.99,184.46,0.0,187.76,19.4,1163.38,620.51,71.25,61.49
218.63,113.13,26.36,247.8,16.66,852.01,736.02,71.96,69.74
196.76,171.93,240.57,176.93,12.46,929.58,880.23,223.0,57.78
653.83,353.52,120.85,185.72,5.16,1061.8,693.41,375.03,75.54
579.5,0.0,0.0,278.16,0.0,955.9,609.23,22.25,43.23
143.85,203.42,217.03,250.79,25.57,924.01,961.42,73.28,74.56
374.54,0.0,0.0,235.46,0.0,992.82,832.82,43.25,30.83
354.29,0.0,117.36,205.08,11.47,985.85,887.18,18.25,25.2
483.13,370.53,152.64,152.58,26.51,896.11,997.11,327.57,76.78
170.8,200.08,156.16,289.14,7.32,891.28,672.82,43.25,39.46
179.54,328.59,42.22,171.72,17.73,883.49,756.9,334.55,56.51
626.87,93.25,144.38,251.9,34.86,979.33,681.23,272.39,67.01
239.78,38.36,142.86,278.17,4.71,1129.95,904.66,168.54,75.18
532.3,75.13,24.12,208.53,37.74,1107.19,878.16,171.06,42.29
294.63,419.21,46.2,158.87,11.55,900.98,919.38,290.05,43.0
640.94,358.71,63.37,294.57,5.24,893.38,894.38,43.57,75.73
381.86,176.9,0.0,217.16,9.76,889.23,845.13,43.25,49.72
589.96,431.34,113.09,299.03,1.4,1128.45,638.99,17.95,54.58
472.72,67.06,185.98,224.06,36.91,1030.08,831.91,269.21,70.44
644.55,337.39,121.96,280.93,30.32,1048.73,686.44,359.75,64.19
258.76,0.0,148.35,219.97,6.95,1084.72,799.28,115.25,44.36
561.12,192.15,162.2,239.59,25.18,1007.33,815.75,360.73,52.24
324.52,139.08,0.0,278.16,0.0,955.9,687.18,285.25,57.94
186.66,176.9,137.86,217.16,9.76,889.23,845.13,43.25,29.38
472.68,213.52,147.56,270.68,37.49,1038.83,633.44,120.47,73.51
205.46,330.31,197.75,220.94,9.56,1110.25,856.76,360.95,72.64
141.14,47.16,138.5,286.77,10.85,1060.87,871.32,370.93,56.58
290.48,0.0,114.8,227.77,8.54,974.26,868.72,115.25,49.62
136.68,309.37,84.17,300.25,15.81,1021.43,815.55,236.45,69.76
189.86,378.53,207.38,188.96,29.12,1007.47,902.88,30.47,51.89
488.08,277.23,177.89,201.53,11.72,1171.3,759.71,73.75,61.68
500.04,4.4,242.29,150.27,1.42,1125.38,685.31,326.79,64.69
600.35,348.38,59.76,166.05,14.87,845.88,715.05,271.75,54.12
229.54,93.78,26.28,175.12,16.17,895.65,857.17,72.27,72.42
186.66,124.44,0.0,234.24,0.0,910.77,967.28,18.25,5.35
352.92,36.71,241.7,291.86,1.56,977.59,660.74,125.28,78.12
172.83,327.22,80.14,149.06,6.71,1138.56,965.03,272.01,64.62
315.32,358.8,12.19,287.31,36.42,1131.45,778.57,201.47,64.08
181.06,286.01,63.77,299.04,26.43,1045.42,830.78,258.49,47.05
460.42,325.35,226.04,202.88,10.25,1019.85,727.54,134.28,54.82
545.66,420.92,211.27,177.65,22.14,1017.09,975.75,35.2,77.28
312.79,227.47,191.32,208.05,27.55,1154.9,985.6,104.47,66.97
526.43,206.06,154.41,239.97,19.33,866.72,895.14,243.36,70.06
389.51,184.46,128.33,214.96,35.07,1048.34,1015.49,56.82,44.3
415.12,174.08,178.02,173.8,18.29,1051.47,701.2,102.86,50.84
355.87,111.27,78.13,237.38,21.47,907.27,791.48,48.25,55.28
316.65,371.36,240.03,207.88,21.15,1080.07,928.96,16.81,48.66
368.38,244.61,178.24,278.6,27.37,1165.35,1012.79,44.74,54.26
546.37,300.25,60.87,267.72,34.69,1079.11,741.17,97.29,75.51
258.16,181.44,46.97,198.75,17.87,944.64,863.06,171.84,48.81
486.99,162.42,185.98,185.05,20.88,842.08,902.02,347.59,58.66
297.44,227.96,15.68,258.87,34.26,859.17,791.45,127.28,75.68
368.2,126.24,3.67,185.43,26.38,1026.6,651.66,260.79,73.58
235.46,161.18,154.09,216.18,18.25,989.09,920.42,283.29,41.63
177.85,78.95,124.44,220.18,23.04,1145.22,967.29,330.03,48.91
468.85,16.58,114.8,258.66,32.48,980.29,897.77,160.31,69.1
137.92,308.18,222.2,262.9,10.1,1127.71,815.36,274.69,68.51
603.08,412.47,26.26,280.7,30.11,979.2,792.25,263.98,56.66
620.34,242.41,73.23,263.44,8.16,1058.73,613.16,22.38,70.5
614.82,387.84,56.89,250.04,11.23,909.15,824.47,178.64,71.69
241.57,321.31,222.1,288.87,26.62,863.98,1016.12,376.2,70.9
507.26,21.89,212.55,290.0,29.07,900.21,701.05,325.35,53.37
154.05,427.65,128.39,201.59,23.46,965.9,800.64,92.91,57.74
561.83,428.73,213.7,201.66,37.9,1148.56,659.84,378.11,61.63
135.06,410.46,86.67,265.15,9.9,1065.48,684.26,252.64,66.6
,,,,,,,,44.74
641.59,132.12,72.42,279.42,34.22,957.48,917.66,204.43,58.3
339.27,269.53,165.1,280.97,31.76,1001.11,901.89,260.6,65.23
398.13,152.96,171.66,284.43,10.3,1129.14,926.76,102.17,30.91
259.25,0.0,122.49,194.35,10.61,1033.64,926.77,115.25,48.07
353.82,288.42,110.09,239.07,22.66,927.9,977.45,147.59,74.11
469.22,420.89,199.85,263.69,37.53,900.49,735.32,164.03,62.01
645.38,29.13,94.82,175.27,20.18,1074.85,624.44,205.16,29.61
632.48,429.0,173.89,263.32,18.72,1032.09,775.66,97.38,39.91
508.44,4.39,3.9,195.79,4.68,987.96,786.09,221.14,49.31
544.12,29.28,96.38,197.64,14.15,991.79,730.26,18.25,28.02
635.98,76.92,24.66,175.4,24.33,849.77,991.17,174.03,72.84
382.21,415.26,176.25,215.37,33.89,1097.91,871.52,267.32,52.95
518.5,129.69,0.0,187.27,20.13,873.95,909.85,43.25,67.52
567.7,244.81,169.15,235.72,11.09,877.85,618.39,207.53,20.4
178.97,435.4,1.76,258.7,5.91,1114.96,726.85,57.99,74.43
521.75,136.31,221.95,281.49,18.77,875.89,822.13,36.93,47.85
280.36,228.17,201.17,258.28,11.0,978.85,863.3,148.56,37.32
657.21,112.88,139.43,267.66,16.93,872.52,653.93,379.94,41.27
644.16,0.0,0.0,225.7,8.42,943.59,738.46,43.25,63.65
186.78,176.9,137.86,217.77,9.76,1027.59,706.36,43.25,28.63
368.44,0.0,0.0,247.66,0.0,998.97,837.95,195.25,29.95
210.21,149.91,174.61,176.62,13.48,1027.13,679.38,52.25,75.34
615.37,220.42,54.95,210.75,38.7,1131.73,773.41,157.94,67.07
306.71,0.0,144.33,229.97,7.08,1054.77,777.13,18.25,19.29
283.66,387.15,201.76,149.85,5.94,1080.21,695.05,166.75,69.0
371.86,0.0,121.51,239.12,11.96,984.0,723.28,43.25,33.73
173.76,307.89,205.46,277.27,4.4,920.53,768.25,134.58,44.11
125.7,172.85,196.37,286.67,32.15,828.04,954.17,228.87,58.82
227.9,406.11,212.62,160.77,8.93,871.5,884.86,345.67,70.41
547.32,434.93,64.07,238.83,12.36,955.5,687.36,289.37,75.99
262.86,188.47,85.81,275.18,13.17,981.06,716.19,354.85,43.32
658.8,0.0,0.0,211.06,0.0,1153.85,628.72,29.25,66.93
232.2,272.18,124.07,167.31,15.01,893.9,665.12,153.87,74.11
260.47,0.0,212.52,194.22,14.27,1070.36,791.69,18.25,17.48
217.58,274.35,228.0,279.78,20.15,885.17,717.2,345.2,54.18
175.68,18.3,237.9,214.72,7.32,1047.18,727.18,43.25,17.18
237.53,0.0,122.61,207.64,9.15,1023.59,924.92,43.25,41.74
131.33,233.12,3.09,152.1,3.89,998.48,956.19,255.34,73.56
346.68,435.29,131.59,174.16,27.18,967.62,623.5,49.72,69.01
255.8,271.32,221.91,199.07,11.83,1126.63,788.05,379.09,75.66
572.18,142.98,0.0,168.12,39.28,873.95,862.05,106.25,79.18
,,,,,,,,43.35
290.6,193.74,0.0,226.55,0.0,1067.28,753.13,43.25,30.14
515.94,298.74,100.59,165.95,10.88,944.1,701.44,375.1,36.03
540.82,230.63,42.98,173.38,26.02,1100.89,749.16,103.81,72.85
144.26,124.42,243.32,263.03,26.01,1067.91,811.63,338.58,44.85
,,,,,,,,78.07
579.5,0.0,0.0,278.16,0.0,955.9,609.23,43.25,44.0
176.99,72.01,45.88,234.5,29.0,929.43,969.41,200.83,77.77
403.82,0.0,0.0,234.24,0.0,1051.28,842.05,43.25,35.55
459.21,9.29,236.91,237.99,11.43,1066.85,920.93,321.68,46.12
619.8,168.56,180.22,272.83,14.64,1012.0,833.99,37.89,51.41
145.18,199.75,43.72,163.17,38.31,1025.75,719.94,58.12,58.34
447.86,434.0,6.94,200.21,16.53,1072.24,732.1,267.4,51.08
546.29,40.6,62.93,283.63,29.19,1073.8,611.73,207.12,70.83
270.37,351.77,2.23,217.92,6.48,972.28,1013.04,242.95,53.37
252.01,140.48,81.24,297.6,35.91,1055.13,932.88,241.21,80.09
341.25,75.82,46.96,158.25,26.77,1069.32,915.37,62.24,45.59
259.37,0.0,122.49,194.47,12.69,1029.54,926.97,18.25,14.93
201.3,0.0,175.19,199.84,0.0,1031.38,924.0,29.25,18.91
485.54,433.87,9.46,266.26,27.54,1025.85,941.55,81.06,66.75
355.95,122.29,219.95,177.49,26.42,1101.71,942.38,112.58,75.72
457.39,33.39,107.17,251.94,27.83,934.39,658.39,324.14,64.04
188.86,0.0,174.22,235.83,11.1,899.69,889.95,43.25,10.91
202.52,317.2,0.0,223.26,15.86,881.03,848.21,43.25,42.46
340.48,327.15,141.75,196.97,31.75,1030.75,944.01,367.95,69.63
215.71,223.56,155.72,205.56,1.36,1046.14,757.92,119.81,40.42
546.54,404.29,10.55,204.82,36.34,843.34,800.16,182.34,71.47
289.82,137.64,159.51,298.09,9.6,1115.98,712.46,161.16,57.73
144.43,75.79,68.47,267.41,20.31,865.26,834.12,203.3,72.4
444.54,403.3,180.37,217.73,35.87,1008.93,795.25,147.06,63.47
363.8,0.0,130.54,255.83,13.54,902.15,763.28,43.25,35.71
304.13,416.15,11.99,245.09,38.53,1163.13,898.52,125.45,78.15
330.56,53.72,240.22,185.24,18.77,1137.47,860.31,361.26,53.05
256.59,49.56,56.41,272.01,25.76,1011.56,932.97,51.57,78.1
376.58,12.79,178.7,291.72,7.42,1046.73,894.49,369.58,67.38
203.74,91.99,203.74,200.08,9.64,1033.13,789.85,43.25,46.38
475.08,150.39,142.7,265.59,6.58,850.28,630.29,56.5,68.0
299.48,277.73,80.33,266.29,31.76,838.77,753.73,97.96,36.82
424.43,323.89,9.81,164.44,2.99,1015.82,771.9,320.82,49.88
191.54,287.92,0.0,234.24,0.0,959.38,801.23,43.25,37.7
218.14,228.05,201.22,211.83,3.38,1097.15,936.85,96.32,77.72
222.02,259.72,188.06,198.62,1.94,919.9,698.31,290.78,64.75
605.82,265.1,48.99,285.64,17.41,862.71,854.41,324.86,64.82
377.17,130.25,158.25,196.1,19.39,995.4,854.76,301.99,76.19
377.25,214.04,65.81,214.31,28.82,1008.81,705.86,198.13,58.88
432.34,429.15,11.71,258.65,18.84,988.47,847.66,26.65,67.39
143.78,188.43,33.1,178.87,15.44,1150.9,907.94,322.21,57.0
143.08,116.22,162.58,264.22,14.57,837.7,981.02,369.33,65.88
512.01,274.59,171.17,231.26,3.36,1021.56,617.36,235.48,77.65
622.9,203.96,228.93,152.18,18.87,822.64,777.31,76.61,72.17
632.98,322.54,179.44,197.91,10.43,1165.92,689.44,212.09,60.65
491.39,321.75,240.44,173.18,13.89,871.99,714.65,293.51,54.81
171.67,44.6,178.69,211.03,3.59,1029.91,903.9,127.46,78.76
318.36,435.39,56.18,279.97,6.74,1081.99,927.18,154.5,55.12
589.56,340.73,53.25,220.38,20.67,1160.82,665.19,90.56,64.55
506.84,269.92,141.18,285.89,36.63,860.79,855.55,263.3,48.34
342.37,40.17,93.74,258.27,37.4,839.53,936.22,234.02,72.97
176.66,0.0,162.99,220.58,13.54,1004.62,832.31,43.25,14.78
258.76,0.0,148.35,219.97,6.95,1084.72,799.28,43.25,27.89
204.96,51.36,199.84,148.6,6.95,1085.85,800.1,43.25,27.15
192.27,312.32,54.05,218.41,19.77,1078.71,762.61,374.38,74.32
600.49,26.14,154.97,189.04,25.61,846.21,928.02,24.6,70.66
245.5,9.78,104.75,174.95,24.46,929.4,761.76,195.59,68.08
517.28,26.84,161.04,217.16,10.37,843.08,769.23,22.25,43.68
364.76,36.55,69.57,285.47,9.72,1047.99,893.29,89.0,53.07
256.15,135.36,6.24,252.73,25.03,935.32,919.07,291.13,56.4
363.31,12.09,170.31,207.32,0.83,1012.13,752.82,152.71,46.05
,,,,,,,,70.75
290.16,164.85,125.74,254.5,1.91,861.89,877.96,208.32,60.56
295.67,128.08,158.04,153.09,28.52,904.38,630.87,129.86,72.86
518.83,346.94,132.28,181.84,31.72,1035.23,658.18,236.55,46.66
314.92,309.57,36.98,234.64,25.46,1044.46,987.78,124.27,53.3
186.66,124.44,0.0,234.24,0.0,910.77,967.28,105.25,29.48
275.68,107.76,31.09,260.3,14.36,1164.5,838.62,89.77,69.44
414.35,410.67,178.23,264.38,31.68,968.06,961.19,141.36,76.4
181.43,75.86,79.25,229.13,11.55,849.97,989.97,280.02,78.28
475.73,418.22,95.93,211.99,4.03,1163.25,971.34,74.19,72.88
621.91,4.09,242.87,272.84,20.04,1143.9,844.65,313.83,70.73
,,,,,,,,65.57
273.83,60.92,202.13,255.76,26.49,1078.73,977.38,48.35,52.23
403.4,30.59,141.43,156.45,37.43,873.63,911.53,351.49,36.77
375.28,86.2,67.93,156.05,4.47,850.71,968.79,311.0,51.82
523.5,284.41,225.81,186.13,22.56,1082.53,838.45,307.76,68.97
265.03,80.64,173.09,224.83,20.42,979.2,770.87,329.75,45.02
293.45,32.04,38.99,241.93,33.79,1012.57,781.56,43.76,70.76
423.26,354.35,86.55,273.51,32.68,878.65,1016.3,316.39,70.42
589.8,280.27,148.67,282.61,36.13,1104.52,629.22,307.82,59.16
371.87,420.89,114.53,217.65,24.99,1085.43,950.86,299.69,71.37
153.19,53.18,134.43,219.69,26.87,1004.9,738.65,252.29,27.54
188.79,155.0,10.66,226.98,11.79,958.24,903.76,308.07,67.35
283.45,242.14,217.76,261.26,38.78,842.51,990.18,312.65,55.64
596.55,434.19,192.11,172.14,6.05,998.37,656.31,29.94,61.21
143.36,376.06,87.95,298.43,30.26,1017.68,920.67,133.2,60.79
182.84,221.94,24.77,198.46,5.0,826.29,890.73,192.81,68.71
181.68,433.83,165.3,165.61,34.21,1076.36,900.3,201.86,54.48
130.48,394.26,30.75,210.63,36.49,1116.67,736.3,244.88,74.47
439.58,237.49,80.73,219.9,37.89,858.7,974.52,180.5,66.82
407.18,105.92,171.0,229.29,2.25,1163.47,946.11,257.73,65.5
531.17,353.09,103.44,204.15,34.28,1007.04,659.3,170.69,63.29
163.67,242.8,55.58,193.69,24.47,951.18,673.84,138.44,53.87
296.39,318.85,115.01,211.5,9.32,1125.19,909.23,149.59,77.98
298.59,19.52,13.69,266.25,17.37,838.69,890.6,213.22,33.35
235.6,369.86,206.13,173.73,25.85,1145.23,738.31,280.26,69.15
374.54,0.0,0.0,235.46,0.0,992.82,832.82,380.25,40.49
259.25,0.0,122.49,194.35,10.61,1033.64,926.77,71.25,47.66
225.31,166.69,3.45,238.68,5.98,1138.28,761.43,328.7,64.28
556.85,177.48,128.0,229.89,33.75,1070.2,805.45,277.5,56.5
203.5,305.24,0.0,248.27,0.0,1000.62,710.36,43.25,38.02
167.01,339.7,109.75,178.79,18.19,1096.96,995.43,38.99,77.28
135.46,302.27,186.43,223.15,19.05,989.97,1010.69,283.71,68.35
159.57,187.36,66.01,167.9,12.95,1016.49,761.57,257.35,44.72
346.96,267.01,183.71,201.49,10.06,1170.5,710.59,48.61,76.57
184.54,75.82,187.31,190.94,14.76,1092.98,720.52,18.01,63.02
463.6,115.9,0.0,278.16,0.0,955.9,609.23,195.25,45.65
337.94,0.0,0.0,233.02,0.0,992.82,877.95,375.25,37.74
124.44,186.66,0.0,234.24,0.0,909.74,966.15,18.25,5.12
648.19,0.0,0.0,173.0,34.4,873.95,916.62,106.25,66.3
351.48,346.52,176.37,195.84,18.83,966.43,698.2,45.76,38.39
618.5,404.8,183.96,267.78,27.94,1158.82,655.24,91.53,59.53
337.5,42.84,113.25,197.46,28.95,969.46,639.64,304.78,75.35
333.06,128.1,100.04,256.2,10.98,927.18,697.44,43.25,41.63
552.13,299.66,122.63,236.42,12.84,843.01,1004.4,150.97,42.15
488.0,0.0,0.0,228.14,0.0,1051.28,764.1,43.25,48.94
311.14,292.31,71.75,189.3,9.65,970.57,771.66,77.38,76.06
203.5,305.24,0.0,248.27,0.0,1000.62,710.36,22.25,17.64
,,,,,,,,70.3
210.53,35.67,35.54,267.21,20.83,828.99,813.25,121.67,66.61
224.44,139.85,4.43,235.98,22.51,1047.95,986.92,56.84,59.32
518.5,129.69,0.0,184.71,22.69,960.0,824.31,106.25,74.7
272.48,59.45,220.26,204.7,38.33,870.0,929.61,203.73,47.74
212.84,223.67,36.71,217.19,20.19,1065.55,647.75,193.25,42.93
307.71,17.75,58.69,159.84,17.48,881.17,989.73,307.44,61.89
595.94,64.58,2.82,246.35,26.95,1088.44,1016.1,192.05,41.25
188.32,173.3,113.1,152.29,17.99,1075.81,722.0,340.96,68.25
465.77,168.61,13.85,205.88,6.38,900.81,621.75,175.51,57.86
595.95,95.97,60.81,151.18,3.1,843.28,620.19,374.95,56.05
467.27,205.38,155.89,253.34,10.47,905.14,766.07,373.99,69.51
362.58,0.0,143.35,213.26,11.59,1049.03,772.82,71.25,58.2
463.6,115.9,0.0,278.16,0.0,955.9,609.23,380.25,48.94
510.87,301.12,43.15,263.38,20.1,1150.93,864.83,67.37,59.06
363.68,0.0,130.54,227.41,7.44,901.54,836.1,43.25,47.76
412.12,263.44,2.25,202.2,21.38,983.79,658.62,240.55,45.64
261.9,22.58,70.95,224.82,18.15,1150.73,805.37,100.53,43.53
485.5,135.39,240.09,216.63,12.96,1083.03,975.3,246.12,73.95
285.48,190.32,0.0,230.58,7.2,1006.15,779.49,43.25,44.02
424.93,164.62,214.43,154.78,8.01,942.59,1014.61,56.2,65.73
229.59,349.56,52.7,258.95,11.47,1108.46,718.48,255.63,78.65
540.44,146.16,242.46,291.24,11.9,872.53,824.45,110.34,48.89
480.19,227.59,130.56,216.48,21.7,1022.02,858.98,119.27,70.39
336.53,23.15,87.66,183.33,7.55,1124.54,970.25,178.96,36.86
547.6,434.38,3.69,194.73,21.78,1118.73,665.89,60.3,67.62
227.33,107.81,218.6,204.66,15.67,1100.43,752.67,258.33,47.52
209.47,39.25,194.14,205.36,30.25,1144.47,932.9,293.11,63.68
612.44,69.69,142.4,207.31,23.16,1017.25,693.68,306.91,55.42
213.45,125.92,123.49,219.75,29.96,831.45,723.8,335.05,74.87
149.57,224.36,0.0,248.27,0.0,982.77,820.62,18.25,3.72
578.55,242.14,0.68,162.45,24.29,882.81,837.63,311.63,52.67
363.7,227.74,137.0,208.17,16.77,1071.46,800.44,302.75,76.4
403.07,362.45,136.13,231.43,14.99,1056.08,897.65,122.03,46.65
565.36,128.85,142.62,159.92,6.21,1116.85,818.59,137.22,75.65
408.42,292.58,100.14,282.15,14.17,837.95,863.93,31.08,72.98
380.21,302.26,128.04,165.56,29.47,885.92,962.11,77.3,48.36
189.01,141.79,79.31,183.01,26.31,1041.52,706.64,87.23,71.59
637.74,273.99,59.29,160.92,28.06,973.21,915.13,114.18,70.83
456.28,230.82,0.0,207.52,12.32,949.85,776.1,43.25,68.42
332.91,253.77,144.28,237.47,36.33,915.58,903.44,147.01,58.46
319.44,155.18,33.94,192.22,16.66,995.87,737.82,225.08,65.39
353.84,301.49,173.36,179.79,11.07,975.64,839.23,365.21,43.82
374.95,206.33,154.9,276.72,19.61,1063.06,836.49,282.66,68.94
178.0,281.21,0.0,247.05,4.15,848.21,894.15,43.25,36.65
202.64,0.0,199.23,215.33,5.49,1085.74,800.1,43.25,24.12
125.1,2.64,190.99,197.98,15.2,926.29,729.79,128.84,70.71
243.11,211.84,165.75,178.42,19.29,1091.27,968.58,21.76,65.88
513.63,396.33,155.06,266.72,35.46,869.68,780.85,112.49,54.04
351.36,234.24,0.0,234.24,0.0,955.9,736.21,22.25,26.34
488.82,339.59,165.31,287.16,10.08,1037.06,945.64,250.14,50.13
522.82,304.97,102.68,286.91,13.93,988.28,697.56,176.96,70.37
504.1,417.18,102.41,235.32,9.33,1108.49,809.07,239.78,65.77
651.48,213.15,157.35,222.08,34.45,1021.56,840.48,340.34,47.19
541.89,421.22,54.12,295.19,13.64,827.71,676.84,35.44,32.93
232.76,253.34,186.93,235.09,37.05,865.72,913.18,101.59,77.14
534.22,240.47,70.49,219.2,2.79,1000.74,787.23,197.62,65.14
585.98,199.27,136.87,195.48,33.01,947.98,878.8,21.49,68.29
186.78,176.9,137.86,217.77,9.76,889.44,845.13,43.25,29.38
257.05,385.64,0.0,226.55,0.0,1002.05,706.97,43.25,42.35
289.75,289.75,0.0,278.16,0.0,955.9,609.23,105.25,37.09
265.46,110.08,0.3,276.07,0.54,1068.77,1000.5,105.62,58.29
517.01,200.86,65.68,206.32,22.62,864.56,830.95,368.94,52.02
576.2,92.53,14.03,268.92,3.49,852.64,954.69,272.75,43.16
266.13,124.28,42.46,192.08,4.25,1165.68,953.29,97.38,76.13
457.5,114.44,0.0,154.45,28.55,873.95,1018.05,43.25,63.5
466.65,64.78,50.98,254.62,30.0,1094.97,756.93,106.94,61.62
206.06,51.48,151.65,193.13,13.18,1108.51,816.62,71.25,43.85
426.44,426.52,241.09,161.25,35.89,1010.55,647.56,147.99,42.79
558.77,40.48,55.95,235.7,2.08,1054.58,715.54,193.45,73.91
377.29,149.96,76.26,260.82,0.52,926.46,994.44,370.0,68.31
212.04,113.95,195.08,210.21,11.83,1033.03,765.74,29.25,33.1
376.91,351.1,75.51,201.35,1.94,849.56,914.16,126.89,54.51
391.78,233.01,123.56,154.33,18.44,822.19,946.45,287.45,62.55
437.98,23.18,172.02,187.88,13.3,966.15,821.54,18.25,28.13
473.55,145.13,105.9,184.3,26.06,949.51,1008.38,272.76,72.65
450.63,219.58,161.13,243.48,7.72,992.05,851.2,176.42,62.81
260.47,0.0,212.52,188.61,14.27,1079.28,795.38,115.25,66.42
239.89,75.16,169.8,182.17,38.23,1013.26,635.17,117.12,61.45
442.63,272.37,53.78,207.03,34.25,1048.91,888.37,337.02,50.65
206.72,219.13,21.21,226.18,7.77,1076.15,684.24,271.94,44.61
378.2,0.0,0.0,234.24,0.0,995.9,872.41,18.25,11.05
193.29,217.63,204.26,222.25,32.91,958.74,619.22,337.45,47.73
202.64,0.0,199.23,215.33,5.49,1085.74,800.1,71.25,32.07
157.02,236.34,170.4,224.44,31.65,1152.66,891.6,160.43,72.06
224.73,393.87,129.96,266.62,16.01,874.11,906.31,187.97,75.8
204.27,151.37,236.93,200.5,12.55,884.97,671.01,179.8,46.28
158.63,257.71,240.8,205.59,32.83,919.87,856.62,374.53,73.04
460.45,15.87,61.33,160.54,18.6,1153.74,966.73,306.03,79.07
188.23,136.08,90.37,178.75,25.38,1108.18,656.76,344.76,67.06
288.0,307.49,97.46,208.54,26.85,1003.05,762.56,335.89,42.73
501.3,70.35,3.1,260.58,24.42,1065.25,991.1,74.1,70.6
185.0,436.83,37.38,164.67,27.1,1008.04,911.61,146.62,62.83
539.06,56.24,13.19,164.64,10.56,877.41,621.93,285.95,70.57
597.5,137.98,203.84,194.02,3.38,1097.57,678.47,377.36,28.46
552.6,156.25,193.44,166.14,4.14,1166.01,855.24,124.6,69.5
229.71,296.24,107.05,157.62,19.48,971.13,912.2,94.37,64.18
595.49,417.36,141.07,300.29,16.34,844.32,997.82,157.18,55.59
335.5,0.0,0.0,223.26,0.0,1115.9,828.72,43.25,27.44
458.72,0.0,0.0,261.81,0.0,1029.23,781.95,18.25,18.23
160.74,24.1,207.84,263.13,6.26,1017.44,633.76,111.13,43.64
285.01,398.36,157.28,194.0,35.53,1155.89,873.63,45.52,61.42
619.06,195.87,124.05,292.36,21.4,917.78,856.8,142.02,30.11
570.76,148.3,128.96,260.2,4.04,1033.66,912.34,203.94,55.85
382.23,0.0,137.86,217.77,9.76,1027.59,706.36,43.25,41.22
362.58,281.16,171.73,221.82,25.14,1078.23,1017.66,16.26,40.77
290.23,334.63,59.26,286.86,22.89,835.13,967.19,312.12,68.43
195.87,405.03,90.38,182.12,7.79,885.39,964.04,254.04,58.42
600.42,233.7,25.52,242.64,4.44,998.85,871.2,173.81,61.31
409.01,76.01,99.5,226.29,22.63,1140.43,630.47,302.82,78.93
532.45,21.94,229.54,286.57,4.88,946.78,860.73,146.16,59.73
146.92,36.08,187.64,249.68,24.63,1029.73,666.9,141.14,71.02
409.8,80.84,175.18,287.77,10.54,1147.88,632.44,288.41,55.46
185.79,98.96,71.53,190.07,33.24,921.11,999.45,51.84,56.76
652.69,417.43,115.97,227.93,32.85,893.17,734.54,169.69,54.13
557.29,14.99,190.89,211.0,14.2,1027.71,899.58,305.42,68.91
544.07,24.2,215.85,181.45,0.6,865.19,990.09,333.76,57.47
385.0,47.55,115.09,298.68,15.11,1002.48,881.24,358.88,44.43
175.68,0.0,213.5,192.76,21.96,967.18,865.64,43.25,17.27
428.65,195.77,153.54,271.06,16.86,1064.21,633.02,259.88,75.54
444.29,346.51,202.08,163.43,18.62,872.05,910.41,270.7,67.07
378.2,174.46,0.0,204.96,12.2,937.44,824.62,43.25,50.74
572.17,390.82,173.11,153.84,32.74,1068.89,926.85,81.87,75.04
525.18,0.85,183.98,215.72,27.08,846.4,1014.33,153.37,42.6
125.15,121.56,181.09,291.48,30.98,897.93,831.7,294.35,76.34
453.29,269.77,59.67,157.86,11.56,931.24,664.45,91.55,67.9
575.95,297.24,237.72,279.58,11.88,1110.55,796.35,227.04,53.27
392.84,0.0,0.0,247.66,0.0,998.97,820.51,29.25,23.26
583.14,376.4,172.78,269.59,33.45,828.45,627.87,285.75,31.14
371.6,346.41,166.91,292.91,0.71,981.28,716.72,152.38,71.14
257.52,337.08,202.78,231.72,15.13,998.74,845.44,29.95,44.88
166.57,51.92,115.86,180.29,9.76,1148.39,996.62,261.44,71.95
612.54,46.2,82.63,278.93,1.71,1119.65,700.48,337.56,56.05
344.81,168.48,26.91,167.96,16.89,1017.81,657.36,83.39,46.92
212.04,113.95,195.08,210.21,11.83,1033.03,765.74,71.25,54.87
656.77,341.38,41.31,272.13,14.5,1042.9,988.48,179.7,66.11
150.69,318.9,74.82,301.3,13.4,909.34,801.38,368.96,61.01
189.1,223.26,0.0,235.46,10.98,899.49,890.26,43.25,26.64
125.45,226.31,145.37,160.52,12.2,846.11,975.62,48.11,67.66
391.7,104.68,74.73,245.52,5.98,983.9,659.87,127.75,50.36
132.13,198.13,0.0,248.27,0.0,962.26,870.77,18.25,2.61
400.17,122.54,217.03,215.97,34.64,974.87,734.8,117.09,71.07
645.13,419.59,234.84,297.97,15.09,1076.11,752.42,159.85,63.35
404.31,170.0,39.77,221.09,12.41,938.71,746.73,35.9,48.51
494.75,249.56,150.34,278.84,34.99,1038.2,982.57,226.24,58.35
318.56,3.6,182.5,174.04,5.51,1050.81,1001.21,95.85,71.26
450.92,79.92,159.61,191.62,38.59,848.89,725.26,237.56,33.26
549.36,360.02,58.61,197.07,38.41,879.3,690.33,365.2,61.49
541.65,80.33,212.38,181.48,27.66,846.25,719.58,81.77,35.45
455.44,53.9,140.91,236.64,10.91,884.24,839.79,217.94,78.29
172.11,15.48,237.31,212.37,25.24,1076.43,888.84,178.88,76.78
151.38,91.16,32.23,201.59,26.18,866.02,750.11,263.74,77.32
251.4,408.13,77.36,243.94,2.93,1123.36,854.94,37.05,54.31
495.81,316.08,24.46,236.05,18.97,888.78,685.36,162.04,22.67
301.93,232.17,237.91,275.44,35.19,938.63,924.62,348.18,33.11
603.2,59.62,201.69,230.15,37.64,1110.41,613.57,96.16,61.32
311.94,229.79,152.0,174.38,7.24,960.78,649.79,230.78,72.15
651.44,335.14,5.0,160.03,10.95,963.85,918.32,332.67,53.84
194.69,336.79,163.1,295.92,24.5,979.09,661.05,239.52,62.94
259.37,0.0,122.49,194.47,12.69,1029.54,926.97,71.25,49.73
192.76,0.0,237.9,268.4,13.42,921.03,731.28,43.25,9.56
310.35,201.89,25.25,293.23,16.76,980.42,610.95,68.11,70.82
354.03,322.21,228.74,227.43,37.86,1038.4,981.72,38.9,67.08
193.59,79.16,2.84,163.31,37.59,981.79,902.39,207.54,60.55
651.64,311.1,126.74,205.63,13.51,1067.17,794.5,379.24,54.18
146.18,171.25,28.21,169.26,7.2,915.31,646.08,215.03,61.96
615.73,89.94,233.02,264.51,3.84,956.12,704.12,218.56,70.06
217.16,158.36,144.69,219.48,4.39,1033.13,765.95,18.25,23.22
414.83,170.85,170.1,258.59,10.39,883.9,823.08,313.01,66.51
181.17,170.07,132.49,235.09,7.44,915.28,800.0,43.25,26.54
403.35,125.95,29.51,291.73,17.34,935.15,922.89,353.49,67.32
339.06,138.66,36.15,284.5,9.97,1007.58,660.26,136.34,59.62
271.33,0.0,117.97,230.95,5.49,991.9,892.62,43.25,27.88
312.22,203.03,181.52,288.54,29.3,930.85,654.89,287.36,71.94
174.46,206.67,174.09,232.65,10.25,992.21,660.0,43.25,33.3
434.2,0.0,172.75,235.83,13.42,821.95,798.36,43.25,45.77
239.61,33.63,180.53,259.09,2.25,1130.55,826.16,302.91,41.89
458.82,148.39,76.13,190.49,38.89,948.66,862.93,88.15,47.06
309.69,342.14,176.78,214.23,37.99,1095.45,941.97,205.5,33.9
479.22,228.4,126.36,226.8,37.59,926.23,760.9,359.57,62.01
593.34,68.94,212.83,169.34,32.07,1020.91,695.21,23.37,66.96
211.48,269.96,50.32,178.15,21.71,931.94,945.26,104.82,55.98
253.32,337.82,222.03,247.25,10.8,1034.09,698.69,84.3,71.81
332.81,403.42,7.78,261.37,27.71,1037.85,744.15,17.01,63.59
415.99,162.5,47.74,222.66,18.23,1078.81,611.96,139.92,59.06
436.3,214.48,152.76,231.79,20.72,861.67,999.42,107.2,75.79
290.48,0.0,114.8,227.77,8.54,974.26,868.72,71.25,44.34
152.94,262.52,177.12,196.72,26.73,938.2,885.01,291.84,59.61
351.36,101.62,25.98,267.94,30.2,1036.98,1000.33,97.89,68.18
361.12,0.0,130.54,269.62,13.42,840.0,797.95,43.25,35.19
468.66,191.87,178.47,285.67,6.08,1068.34,933.37,91.22,63.2
311.1,0.0,0.0,234.24,0.0,912.62,969.23,18.25,9.18
171.76,32.61,103.94,264.98,37.83,858.62,938.57,104.47,53.65
578.43,205.25,185.56,225.77,36.09,1105.06,799.65,273.94,61.02
393.61,162.37,195.55,294.15,15.03,1077.74,829.51,373.09,59.4
140.83,167.78,166.4,235.92,27.99,966.87,830.22,266.5,67.24
140.3,115.6,144.01,186.58,32.57,883.11,939.3,345.73,79.12
653.91,241.19,234.37,247.66,10.62,826.35,872.73,280.78,61.21
531.84,156.46,75.62,191.29,2.05,968.29,955.87,299.44,75.24
376.03,122.81,211.14,291.93,11.83,841.87,753.88,30.49,56.06
460.06,130.07,184.51,268.08,4.88,930.77,627.01,372.69,55.06
616.87,323.69,10.07,281.11,19.24,1105.8,899.33,332.84,60.65
543.99,391.9,10.46,206.21,34.04,1076.7,885.45,217.07,73.83
324.52,139.08,0.0,278.16,0.0,955.9,687.18,43.25,51.35
446.58,155.85,184.49,249.99,38.27,956.38,707.38,174.98,34.87
585.6,0.0,0.0,234.24,0.0,960.21,730.46,105.25,60.84
,,,,,,,,34.53
315.84,32.61,131.79,186.41,18.97,959.45,747.19,99.02,50.0
413.82,0.0,0.0,226.55,0.0,1096.62,773.64,43.25,35.73
335.62,0.0,148.11,194.59,12.08,1080.62,797.44,115.25,65.64
353.54,388.54,174.76,272.93,30.99,865.94,668.61,376.5,62.69
437.98,23.18,172.02,187.88,13.3,966.15,821.54,22.25,43.24
217.91,175.68,137.54,274.5,39.18,1040.57,907.9,171.89,74.68
573.7,32.7,197.43,171.34,6.69,1129.37,918.0,375.51,50.68
186.48,401.35,39.23,169.18,13.62,886.78,659.36,235.72,71.31
381.35,348.07,73.07,190.16,27.92,992.25,774.96,199.63,58.06
658.8,0.0,0.0,211.06,0.0,1153.85,628.72,105.25,78.02
387.98,88.39,104.54,167.03,28.39,1097.72,942.12,314.4,59.08
345.06,278.36,113.98,289.17,10.29,1072.22,988.03,210.59,60.0
521.15,298.19,141.45,231.88,22.55,1095.93,878.6,268.4,43.75
629.52,0.0,0.0,197.64,10.0,821.54,822.56,43.25,46.33
252.37,97.09,88.77,267.37,20.7,1103.4,979.79,318.41,58.68
577.07,98.0,158.4,180.46,22.22,930.13,711.49,159.73,29.74
472.68,157.22,9.15,202.32,27.05,911.87,1004.92,143.42,75.07
260.84,119.68,29.89,221.67,8.17,1093.33,805.64,29.25,19.98
597.2,350.09,55.15,280.2,7.15,833.47,974.77,211.64,49.47
381.86,0.0,137.86,217.16,9.76,1027.69,706.67,43.25,41.22
350.14,147.62,114.68,229.36,10.98,927.18,713.85,43.25,46.97
220.34,410.65,76.03,283.36,26.75,1083.75,970.29,61.14,65.65
515.12,154.84,144.13,218.85,18.18,1100.8,917.32,308.2,51.98
518.84,58.57,150.72,201.68,18.71,941.86,747.81,79.41,55.32
327.61,106.23,144.75,203.31,14.51,928.88,724.07,276.09,29.76
242.1,4.87,36.79,209.18,19.14,842.3,669.09,86.29,77.67
323.56,53.45,211.98,166.53,15.43,978.49,755.19,235.77,61.71
360.37,56.73,131.28,204.3,24.42,1142.61,659.48,292.26,69.55
421.21,234.88,37.01,222.46,30.57,1046.12,868.44,117.93,76.1
609.83,188.98,177.01,293.8,36.32,932.32,828.22,192.27,64.37
469.62,89.12,122.72,185.59,19.01,1014.99,958.01,142.29,53.53
356.16,267.51,15.92,211.28,7.94,866.37,996.67,379.45,38.79
398.12,89.41,220.36,171.22,16.8,939.92,815.16,203.46,50.34
319.6,414.74,176.43,282.9,12.59,1068.36,987.87,222.84,79.75
161.08,298.8,230.58,175.55,32.65,1090.42,904.21,277.32,54.24
382.18,321.23,170.72,223.27,38.25,911.29,948.81,71.22,19.65
232.17,0.0,152.74,203.25,12.08,1106.67,819.38,43.25,27.83
370.88,170.8,0.0,261.08,7.32,917.95,740.51,43.25,37.43
189.7,295.35,11.91,168.86,23.27,871.24,711.17,95.19,66.83
371.03,6.73,22.72,190.71,29.13,872.34,922.46,116.44,52.16
339.26,393.03,186.35,208.87,15.38,967.51,818.4,144.13,72.88
587.07,353.08,116.28,247.6,14.24,875.4,964.33,91.44,42.68
342.62,221.36,34.88,184.11,7.05,1155.27,618.21,56.78,54.81
427.79,112.3,203.85,274.75,37.07,1115.87,820.31,213.19,43.01
412.24,230.58,0.0,213.38,11.59,968.92,775.18,71.25,67.08
305.66,355.36,90.45,272.28,31.07,1089.27,756.34,28.54,63.27
263.39,274.45,137.23,218.49,30.87,1079.22,633.94,119.52,41.39
531.92,0.0,0.0,265.96,0.0,859.9,738.15,43.25,26.71
372.11,335.78,156.77,180.29,27.11,1162.25,922.45,203.29,67.59
518.29,273.56,197.08,211.75,36.9,838.62,878.79,319.28,66.68
160.91,164.66,7.78,196.5,3.13,1007.11,933.5,211.04,63.94
400.07,330.92,101.62,156.62,32.48,994.62,616.49,227.28,59.12
346.6,10.88,125.38,154.96,36.29,866.43,734.35,32.36,42.1
404.77,172.61,186.69,165.21,20.35,927.84,829.73,54.17,75.62
409.73,96.44,59.61,242.53,10.38,1171.87,924.02,372.16,74.87
399.77,337.16,104.93,278.86,28.9,930.36,640.99,235.53,76.32
435.34,412.98,52.56,175.14,34.34,1054.16,852.86,312.53,63.4
291.3,325.63,193.51,206.76,19.62,1015.02,809.33,360.83,73.98
429.07,407.67,117.67,208.89,37.57,895.77,841.71,239.27,64.95
232.13,381.03,213.51,171.88,25.26,929.72,739.18,109.52,81.3
658.02,324.99,179.58,193.34,1.46,825.14,658.19,312.35,74.2
129.89,265.8,223.58,290.49,16.51,1049.46,679.62,350.51,80.16
232.17,0.0,152.74,203.25,12.08,1106.67,819.38,29.25,21.75
644.82,425.61,54.13,238.69,28.09,1151.78,707.57,219.11,67.84
506.98,281.16,60.78,300.59,35.15,871.87,693.67,187.66,69.9
131.64,190.58,237.6,155.86,17.37,1134.16,671.66,366.79,54.79
311.71,207.77,0.0,226.55,0.0,1052.92,742.87,43.25,35.9
453.23,232.43,242.34,294.15,13.06,1147.15,729.62,79.46,69.17
650.29,177.44,125.82,275.83,22.71,824.79,850.7,184.09,73.64
302.15,354.01,66.85,206.87,2.05,1039.2,1001.19,363.09,60.78
359.45,12.51,116.54,295.57,38.0,843.09,671.64,160.29,48.13
175.19,0.0,213.38,193.25,21.84,966.87,866.15,43.25,17.27
132.13,198.13,0.0,248.27,0.0,962.26,870.77,43.25,23.06
391.99,200.32,0.0,232.41,5.61,892.31,793.85,43.25,64.09
283.44,166.89,44.52,184.36,38.76,892.89,752.06,252.31,47.83
138.21,212.75,158.89,222.21,6.64,823.4,679.75,85.2,70.1
538.67,205.27,242.86,256.65,1.26,968.86,786.89,90.2,75.33
260.71,0.0,213.13,188.86,12.44,1080.51,796.31,43.25,44.97
284.33,156.05,94.81,153.67,4.87,969.62,919.6,56.09,67.61
496.36,84.82,172.17,250.34,25.47,938.76,710.01,199.66,44.93
212.04,113.95,195.08,210.21,11.83,1033.03,765.74,18.25,17.72
194.96,305.0,0.0,205.45,14.88,1076.21,705.85,43.25,44.2
400.24,275.41,204.67,164.55,22.37,1002.2,917.2,356.19,50.31
398.85,391.32,158.94,295.14,3.38,1047.66,1000.48,158.09,53.23
475.52,19.42,206.74,187.18,2.12,976.82,928.86,317.69,58.67
628.92,117.85,223.01,168.56,24.41,827.84,914.86,34.6,31.6
363.56,0.0,130.54,200.08,15.86,977.44,804.1,43.25,40.16
301.32,34.61,154.76,152.18,23.48,880.52,997.8,206.68,49.76
285.33,431.91,152.13,284.16,7.64,1075.43,983.88,94.18,49.02
138.68,428.05,193.36,238.16,22.15,933.22,870.22,252.59,56.98
256.92,22.85,122.26,150.68,38.03,1017.79,637.4,241.27,59.49
572.76,71.52,181.79,203.6,2.56,840.62,999.31,249.08,69.85
371.66,119.12,121.92,149.13,27.53,841.66,1005.73,271.51,61.64
397.76,289.31,104.07,272.58,22.9,993.07,782.29,339.21,37.6
208.68,267.33,95.94,207.04,19.13,1081.48,728.65,213.13,80.2
346.48,18.3,172.02,218.38,6.71,863.59,821.54,18.25,15.01
525.97,241.41,4.7,259.91,20.94,864.9,867.72,113.54,58.07
417.24,46.36,0.0,278.16,0.0,955.9,687.18,285.25,61.67
202.16,21.43,69.18,252.15,25.48,1135.52,774.9,128.4,73.9
420.78,373.78,4.68,274.58,7.88,864.33,926.2,20.82,54.89
175.68,207.4,162.26,234.24,9.76,834.87,825.64,43.25,33.45
267.6,165.29,57.84,220.92,17.59,980.08,836.26,307.65,70.82
557.83,401.97,118.22,165.53,17.26,974.9,644.37,21.98,70.07
258.15,345.32,150.91,286.05,38.2,1100.97,749.99,171.77,65.87
551.72,181.37,9.13,236.55,23.36,932.12,814.33,63.02,41.72
603.42,263.86,158.37,269.51,5.9,891.54,799.03,140.34,64.19
156.34,299.39,142.25,256.73,26.82,1023.31,974.29,375.96,49.0
473.85,249.37,85.03,179.85,16.49,863.35,774.09,48.38,75.26
155.41,238.78,203.05,249.13,12.54,1012.3,766.5,172.86,75.92
446.48,99.57,114.79,225.49,7.85,1160.8,991.93,95.99,61.35
411.68,207.5,126.17,154.0,35.24,1001.37,908.0,349.96,73.74
193.98,181.78,141.52,213.5,18.3,977.44,738.46,43.25,31.0
230.31,131.94,242.5,171.49,34.23,824.47,873.72,114.74,53.11
316.2,289.82,60.44,236.72,8.04,973.41,631.69,310.42,48.99
272.05,422.57,87.63,175.72,38.08,1166.04,1010.78,125.08,52.64
449.96,60.91,34.28,201.23,35.61,1124.92,722.83,80.43,39.47
302.95,63.47,27.56,199.64,5.85,979.18,904.59,226.77,71.85
656.65,102.1,111.77,149.03,16.77,853.71,933.53,183.55,61.81
170.31,255.47,0.0,234.24,0.0,1073.85,827.59,18.25,9.03
437.8,288.82,106.33,200.31,15.18,1050.89,894.69,295.15,72.56
380.57,366.61,183.47,212.44,34.06,905.6,881.36,58.88,69.42
457.62,104.76,126.49,282.35,37.55,985.75,941.53,113.14,63.07
588.99,81.71,120.61,164.12,27.53,1166.67,942.39,150.19,56.11
504.56,96.85,164.01,282.0,13.14,872.53,927.96,117.38,60.36
426.6,368.71,159.27,246.0,22.03,970.1,800.6,363.95,65.9
203.74,91.99,203.74,200.08,9.64,1033.13,789.85,115.25,63.63
359.84,224.19,200.27,237.94,32.79,1047.11,888.85,163.17,58.19
248.27,372.47,0.0,248.27,0.0,988.1,646.15,105.25,58.08
555.66,337.71,141.02,271.34,8.8,1156.06,635.89,181.02,59.84
387.48,67.71,76.94,276.6,33.06,1148.87,772.66,165.77,39.33
151.4,343.93,130.99,195.16,38.16,875.13,779.57,100.25,49.87
254.21,114.16,148.87,191.38,21.23,883.63,996.99,152.7,24.12
572.03,361.93,104.03,152.05,28.44,972.59,636.62,314.02,33.29
544.12,29.28,96.38,197.64,12.57,991.79,730.26,71.25,61.34
609.07,266.88,176.87,188.93,1.75,837.21,617.31,100.56,55.17
189.1,0.0,174.46,235.46,10.98,1073.85,714.87,43.25,13.96
432.44,234.96,124.0,294.32,26.48,861.02,661.94,174.29,52.48
166.41,164.34,17.2,298.27,26.07,901.65,685.72,91.57,59.7
237.53,0.0,122.61,207.64,9.15,1023.59,924.92,115.25,49.59
466.04,0.0,0.0,225.7,0.0,1073.85,757.95,22.25,26.88
163.07,192.1,76.5,189.07,34.87,982.87,789.9,70.01,35.17
644.98,34.13,193.73,243.78,24.96,1101.61,722.68,44.43,49.47
349.21,433.83,176.46,231.5,31.02,1144.49,674.66,61.04,63.9
183.0,288.9,0.0,212.04,14.52,1096.72,692.1,43.25,41.92
586.92,192.28,1.52,189.9,16.09,1173.98,928.81,236.68,79.36
478.51,249.44,112.37,159.97,15.42,832.69,1007.37,62.15,68.42
586.58,146.63,167.24,152.97,13.16,1005.77,896.82,226.07,40.35
277.18,226.81,34.67,205.62,8.23,1098.36,827.95,230.89,56.83
398.33,0.0,168.24,242.78,13.18,821.64,812.82,43.25,43.27
328.97,343.51,209.8,225.11,27.33,832.81,616.02,132.25,56.61
207.36,254.23,120.88,218.57,8.33,1171.6,729.19,304.86,55.96
561.94,183.31,89.11,151.11,11.9,836.81,884.12,134.47,69.84
518.76,308.83,82.0,184.1,33.61,1005.02,657.29,242.46,55.43
290.48,0.0,114.8,227.77,8.54,974.26,868.72,29.25,28.77
406.45,275.15,219.94,244.59,35.24,915.15,888.2,179.97,64.44
423.66,371.11,99.69,228.28,5.14,1159.37,674.6,19.97,55.27
404.08,421.42,200.99,167.9,16.16,922.15,906.01,348.18,72.96
205.01,295.99,67.41,245.11,8.94,856.29,950.13,328.37,73.09
322.69,135.42,105.53,238.51,7.2,853.95,810.67,43.25,46.52
188.19,296.35,78.28,227.04,28.25,886.1,638.41,41.77,69.0
345.38,387.87,91.01,209.76,29.36,1110.32,990.01,158.59,12.64
468.31,249.48,128.83,212.74,38.93,1054.77,771.64,246.09,73.13
633.98,130.45,39.69,214.28,10.21,1041.84,876.39,241.49,60.51
514.65,12.07,32.13,202.07,11.19,1076.92,625.17,370.26,79.59
425.21,324.56,77.32,212.55,0.27,916.9,849.18,92.3,67.6
291.18,334.76,133.72,198.41,29.55,968.68,925.61,277.02,65.75
334.58,29.31,111.75,285.21,14.51,1034.06,757.38,369.05,70.0
361.12,0.0,0.0,226.92,0.0,1117.95,788.72,22.25,21.18
236.57,64.88,184.27,225.44,28.95,1114.77,891.85,226.01,56.21
141.88,121.13,35.53,160.53,33.63,1149.27,810.0,256.12,52.94
381.86,176.9,0.0,217.16,9.76,1027.69,706.67,43.25,45.98
545.11,276.68,206.41,281.19,3.77,1163.12,689.02,299.78,75.24
440.48,71.11,58.77,237.99,32.76,1003.5,659.69,241.16,51.1
640.48,21.86,218.1,276.2,10.55,988.17,816.86,211.02,81.67
149.4,48.43,79.04,165.67,23.25,1116.06,992.63,367.42,68.53
431.79,22.58,207.57,224.08,25.95,1099.49,621.15,136.65,73.69
598.61,398.81,197.11,290.3,20.53,1089.8,756.55,152.07,73.28
457.65,322.42,220.94,228.21,28.26,955.4,619.02,108.55,67.3
151.16,119.2,187.96,170.42,21.57,936.16,934.93,149.58,48.09
408.44,325.93,27.64,190.26,6.14,894.84,988.97,108.04,57.89
565.58,350.59,111.16,168.35,36.46,900.46,611.7,91.1,77.2
574.62,261.64,105.13,177.51,17.45,1045.19,913.92,51.8,68.96
358.55,62.89,65.78,270.06,10.63,977.19,1015.46,119.98,40.75
260.84,119.68,29.89,221.67,8.17,1093.33,805.64,43.25,45.06
405.22,364.67,59.46,286.23,24.94,1053.8,815.77,84.21,71.51
146.31,162.3,29.31,247.85,6.94,1135.65,782.15,293.47,59.47
486.68,46.93,101.11,271.94,17.34,1024.79,630.16,260.97,75.32
337.76,94.45,103.98,158.04,8.68,1153.15,842.99,356.08,68.18
436.89,169.26,172.66,234.16,24.22,884.27,650.36,54.51,52.68
456.63,380.74,127.96,294.66,25.93,1170.12,874.17,226.0,54.75
499.5,238.44,59.68,178.37,9.36,1039.06,694.44,373.72,64.75
201.23,119.02,72.4,274.9,23.36,929.06,956.95,163.74,63.32
318.13,109.92,152.23,171.67,20.04,1137.0,905.52,110.15,49.63
,,,,,,,,71.86
381.86,176.9,0.0,154.94,9.76,1025.64,843.08,43.25,49.86
411.8,276.55,189.64,199.87,27.94,1138.12,783.47,17.26,55.49
260.47,0.0,212.52,194.22,14.27,1070.36,791.69,115.25,59.32
574.94,135.47,91.22,172.37,35.56,993.96,657.66,351.19,76.63
553.19,101.77,203.82,235.08,13.39,1045.89,836.82,133.89,66.04
589.77,265.75,110.03,236.91,11.98,1141.84,724.1,190.13,51.06
280.23,0.0,144.2,238.14,7.44,1054.46,777.03,71.25,35.11
595.01,12.74,83.45,166.69,0.27,1028.01,926.29,211.52,54.22
425.78,0.0,0.0,234.24,0.0,1073.85,826.67,195.25,45.98
493.05,110.54,173.53,285.05,15.88,851.08,1010.46,182.54,85.35
444.37,425.64,112.32,162.9,12.46,1000.87,853.84,23.48,67.95
580.11,21.49,196.94,169.56,9.82,1086.95,656.85,195.26,37.21
216.27,169.59,190.9,168.58,28.29,1052.84,628.29,318.66,46.83
475.35,390.9,209.73,200.36,31.45,992.14,848.56,64.2,50.62
461.08,46.24,4.0,252.07,9.78,1077.56,975.17,332.94,70.52
542.64,314.06,202.06,200.81,28.25,1075.84,704.29,134.47,64.13
178.52,264.89,24.93,186.23,29.51,1151.66,897.61,313.72,62.24
241.12,93.74,51.71,218.9,16.71,1132.52,611.42,264.79,81.02
604.09,193.95,203.0,170.24,9.26,1108.65,950.44,116.95,66.14
162.11,229.73,23.18,215.29,33.7,1037.28,781.39,278.57,62.97
134.06,149.65,16.11,288.47,16.54,941.05,698.65,356.97,64.58
256.03,149.23,171.08,204.39,5.56,1089.66,850.25,203.93,56.17
487.67,26.23,149.38,241.13,7.28,1079.33,778.5,102.88,47.93
262.1,71.81,101.63,205.35,1.86,987.4,868.16,31.65,59.13
436.73,55.29,162.84,215.36,34.71,1022.38,618.16,75.1,70.82
325.72,47.22,54.03,223.49,6.66,944.48,820.57,41.18,36.68
608.48,234.56,117.28,233.95,6.44,1116.89,728.33,289.63,47.14
526.28,65.93,12.99,295.75,20.23,840.41,614.16,285.96,48.43
,,,,,,,,55.49
453.0,255.08,106.98,288.0,31.0,830.57,999.77,47.35,59.1
435.3,376.37,134.89,275.16,29.37,1164.98,858.59,366.51,67.72
392.43,149.21,206.1,291.48,19.59,924.66,623.92,364.41,76.06
298.26,19.81,88.37,297.31,14.42,1125.11,665.09,181.37,57.14
385.95,284.48,69.24,278.44,27.05,939.25,804.14,77.96,52.61
442.37,230.58,0.0,201.18,14.15,968.92,775.18,106.25,88.82
175.31,207.64,161.77,233.75,10.37,834.97,825.95,43.25,33.45
635.12,353.76,70.73,253.06,26.66,982.51,739.09,136.21,72.3
538.24,414.3,239.22,257.94,14.95,933.01,708.08,93.44,41.64
654.11,178.13,61.33,244.16,34.41,1151.39,837.33,234.09,64.26
355.69,77.23,211.59,194.52,37.72,825.33,818.37,376.59,51.96
260.71,119.68,29.89,221.67,8.42,1093.13,805.54,18.25,20.16
312.42,372.04,132.56,226.8,37.78,857.86,861.79,355.44,67.91
243.23,182.87,64.82,151.75,12.02,1080.7,809.03,105.72,57.57
392.18,61.43,40.51,266.23,12.31,1017.92,717.15,102.52,69.58
293.19,75.36,124.6,252.44,37.92,1114.57,824.08,174.63,77.92
164.51,256.25,79.22,266.16,24.59,1080.55,930.37,48.69,71.31
606.72,163.24,207.67,231.98,6.78,831.61,969.71,183.22,44.11
206.12,229.36,191.6,189.23,0.96,881.68,691.28,53.77,52.62
346.48,18.3,172.02,218.38,6.71,863.59,821.54,43.25,48.98
585.6,0.0,0.0,234.24,0.0,960.0,739.49,18.25,27.32
590.68,182.63,126.04,223.25,35.76,948.08,759.01,252.16,51.48
189.1,0.0,174.46,235.46,10.98,899.49,890.26,43.25,10.91
430.22,171.16,188.84,266.22,15.35,830.2,741.09,93.0,75.05
152.86,93.35,169.07,207.39,31.23,1164.27,892.67,160.97,50.72
619.74,44.11,111.14,173.3,22.83,1032.05,810.43,44.18,70.21
164.78,419.69,68.11,187.23,28.05,1002.65,858.43,28.51,55.67
239.81,368.43,18.63,164.71,16.31,872.84,941.33,340.77,61.56
309.35,288.02,184.35,243.26,0.01,1099.57,987.22,217.09,33.6
365.27,387.23,70.98,224.11,32.01,999.98,794.25,281.62,75.8
649.48,180.88,56.27,198.85,8.18,838.16,856.2,319.58,42.67
436.67,127.62,204.21,235.79,36.67,879.46,649.57,19.77,74.49
656.99,167.12,176.47,153.1,2.18,1006.85,1015.6,128.03,66.19
204.23,158.48,156.89,214.11,9.52,1032.1,765.74,43.25,46.14
181.45,228.98,60.44,243.04,25.29,871.17,676.17,137.07,49.29
502.39,27.5,124.11,274.14,38.61,959.81,699.92,48.02,75.1
245.75,33.66,125.55,284.68,7.5,1037.1,751.28,164.26,66.32
258.64,0.0,152.26,193.98,9.52,1113.23,820.0,43.25,43.12
413.58,0.0,0.0,225.7,0.0,1087.18,773.33,43.25,35.45
221.92,332.82,0.0,226.55,0.0,1038.36,732.62,43.25,31.29
590.49,87.51,2.15,288.94,32.28,1100.05,973.24,296.12,66.88
309.88,0.0,0.0,241.56,0.0,992.82,885.13,18.25,10.43
332.43,119.61,192.36,214.92,23.56,917.78,931.5,28.49,74.44
478.13,195.14,43.39,222.51,32.1,1078.96,609.53,92.04,58.35
364.53,368.09,31.73,151.07,17.13,925.49,700.06,20.09,59.8
288.77,144.61,213.31,259.19,30.91,1058.72,783.49,173.64,29.27
471.63,378.33,146.27,163.71,6.7,1040.91,716.88,171.75,20.39
472.08,82.58,95.27,187.06,11.94,1105.2,800.88,376.0,52.46
282.45,336.42,227.58,278.93,35.02,877.4,868.96,192.41,74.94
244.0,162.26,0.0,234.24,0.0,990.15,826.87,18.25,12.78
573.64,360.55,71.19,221.44,7.52,1000.51,688.59,246.21,74.47
445.0,226.0,239.5,193.67,33.13,1067.48,845.21,99.63,54.06
322.74,399.02,2.46,180.18,15.38,994.11,788.49,197.78,51.59
260.2,32.48,147.47,216.43,33.75,936.99,915.46,262.12,75.07
388.11,338.52,16.79,209.98,37.9,1049.45,803.76,157.63,76.63
,,,,,,,,68.52
132.49,151.78,215.59,288.73,34.17,1086.25,822.99,75.79,43.21
629.25,192.98,204.06,259.47,22.04,920.88,790.75,34.71,74.68
466.65,0.0,0.0,226.55,0.0,1074.67,758.26,22.25,26.96
162.26,244.0,0.0,234.24,0.0,951.18,860.72,43.25,31.21
461.76,156.17,95.21,197.89,36.78,1050.02,921.33,368.78,37.94
425.04,324.38,56.75,149.83,1.05,1005.43,858.06,120.53,71.75
240.17,433.56,176.56,204.17,1.78,1017.76,899.12,310.32,70.13
515.45,83.47,118.06,157.54,27.17,1065.33,917.27,374.91,56.15
589.16,356.81,112.22,190.16,0.82,918.6,893.75,148.64,72.28
176.74,289.07,193.77,196.04,9.15,1096.18,781.49,287.83,75.56
554.82,369.74,23.56,271.07,11.87,1150.27,985.77,43.43,56.06
271.54,14.15,12.33,264.71,37.6,1173.04,861.37,301.63,60.42
561.97,135.67,146.37,283.7,4.6,936.12,962.0,341.1,70.59
233.69,299.25,155.54,278.69,36.5,982.13,979.97,126.57,62.49
266.2,66.61,151.04,171.78,14.52,1103.28,813.03,43.25,62.17
547.98,6.39,19.31,182.03,16.57,933.11,906.25,349.14,49.69
544.21,271.04,56.67,233.18,30.1,965.21,779.19,164.2,20.99
149.95,119.81,66.58,189.74,23.56,1138.41,872.55,195.02,23.37
363.56,0.0,130.54,226.92,7.32,901.54,835.9,43.25,47.76
610.0,0.0,0.0,244.0,0.0,1153.85,628.72,18.25,29.19
141.16,143.37,48.3,284.92,28.26,970.64,728.65,151.55,62.77
361.74,385.78,167.92,160.67,39.18,1113.42,622.39,105.7,70.17
623.38,62.87,25.21,197.56,12.19,989.32,791.3,305.0,54.33
346.48,146.4,0.0,204.96,8.54,994.87,814.36,43.25,45.84
212.04,113.95,195.08,210.21,11.83,1033.03,765.74,115.25,57.05
345.85,289.72,180.97,243.21,24.77,904.51,882.14,232.28,40.04
394.75,336.11,47.14,263.12,38.9,1099.35,989.54,28.26,54.79
442.37,230.58,0.0,201.18,14.15,968.92,775.18,43.25,79.86
127.04,143.24,65.4,297.92,28.55,1118.85,920.12,284.3,59.79
502.51,333.28,42.59,171.39,34.94,931.76,916.08,208.6,38.42
424.92,322.86,195.46,258.3,12.2,1170.54,761.94,192.71,70.79
257.18,432.62,206.79,173.0,2.92,1103.23,927.43,41.41,75.12
583.82,107.56,142.08,298.78,24.58,823.56,993.55,115.44,54.75
367.28,364.13,34.63,163.68,26.23,1112.64,665.65,187.33,76.35
493.28,97.26,66.74,197.13,10.88,872.65,624.63,20.77,47.36
542.02,279.34,186.64,292.13,22.85,910.21,1017.56,361.95,75.06
658.8,0.0,0.0,211.06,0.0,1153.85,628.72,285.25,83.07
640.68,152.74,64.64,267.98,4.71,918.15,934.61,29.41,65.65
160.5,379.87,180.71,208.53,5.59,1166.99,884.37,323.37,61.46
650.91,304.27,131.2,212.5,36.6,1110.81,900.8,118.02,58.48
173.87,147.31,103.77,271.55,23.33,874.24,644.23,97.17,62.93
632.75,142.08,113.52,205.52,38.37,990.17,790.57,68.34,41.64
285.64,165.77,86.92,189.94,34.98,947.26,985.97,323.23,70.38
541.32,6.51,137.11,278.51,37.52,1112.91,775.63,41.56,51.77
330.96,292.06,89.28,178.91,16.86,942.17,877.06,164.76,77.2
246.44,13.42,172.02,251.32,2.07,966.15,821.54,18.25,11.03
242.17,240.29,3.08,163.76,4.93,825.01,938.21,201.68,79.77
415.4,191.7,40.17,257.63,32.11,984.55,630.82,273.68,65.92
411.59,407.08,87.67,152.21,23.9,883.52,734.07,19.25,40.65
279.1,182.19,151.01,286.08,23.2,844.72,800.71,365.41,76.56
586.02,151.32,136.07,148.85,37.53,896.62,717.23,141.6,74.14
360.75,0.0,116.63,209.23,10.86,979.59,881.23,18.25,25.7
339.37,368.31,220.57,187.89,31.61,874.51,876.22,258.79,49.82
246.35,382.02,131.04,211.45,38.15,1061.6,746.38,48.23,68.12
416.33,416.73,19.22,194.45,37.07,846.68,837.2,253.67,53.68
241.28,122.66,200.15,224.54,14.68,878.52,821.49,337.41,55.56
585.6,0.0,0.0,234.24,0.0,960.0,739.49,43.25,49.16
240.88,421.33,75.89,152.63,22.07,886.33,638.85,99.25,69.88
232.17,0.0,152.74,197.52,12.08,1116.0,823.18,43.25,31.89
228.03,23.3,90.3,224.45,9.46,826.42,658.79,21.41,64.07
437.98,23.18,172.02,187.88,13.3,966.15,821.54,71.25,74.79
500.58,405.22,109.27,170.0,34.84,1063.15,729.55,299.98,70.73
436.67,255.59,185.38,170.51,31.59,1069.35,910.8,156.61,46.13
503.54,382.5,228.32,285.6,17.45,861.34,720.54,159.29,77.76
276.7,203.25,108.78,264.55,5.72,1000.91,798.17,132.27,67.74
569.39,322.78,111.28,193.04,17.84,988.56,851.36,93.42,65.97
484.25,193.54,111.07,193.62,22.99,868.0,791.62,82.73,73.65
186.66,291.58,0.0,244.0,7.32,1027.69,701.54,43.25,30.08
397.84,60.71,14.54,179.56,13.3,1031.7,753.34,352.07,68.89
303.88,255.45,86.66,220.17,33.82,1016.85,869.69,62.65,74.64
219.14,62.53,22.44,155.51,32.8,1171.59,1006.53,274.73,72.36
211.67,61.12,211.67,201.06,7.93,1032.0,813.85,43.25,42.78
384.43,403.35,31.61,176.46,27.06,930.7,808.73,361.06,48.42
471.57,234.21,65.71,194.25,17.34,908.61,946.36,272.49,69.09
,,,,,,,,56.37
427.0,0.0,0.0,247.66,0.0,998.97,794.87,195.25,36.65
495.28,195.77,224.45,232.64,19.67,932.67,806.85,170.38,52.93
351.85,147.62,0.0,216.43,8.54,931.18,850.77,43.25,47.2
372.99,175.76,10.75,221.32,26.84,1075.05,952.5,305.86,70.49
192.81,146.45,172.01,208.53,5.71,972.76,648.59,347.06,39.96
462.99,184.46,0.0,187.76,19.4,1163.38,620.51,43.25,58.46
406.26,0.0,0.0,234.24,0.0,955.08,864.21,18.25,17.49
261.77,418.91,132.27,190.84,20.85,1047.03,872.09,123.8,37.11
178.56,266.93,60.47,178.75,0.8,1068.78,697.28,210.55,57.6
129.1,212.18,86.64,155.34,9.04,1118.94,677.9,336.23,54.28
348.07,97.25,188.87,172.37,21.28,919.14,852.2,50.75,72.29
600.23,81.07,16.85,180.41,4.98,825.33,949.75,73.86,53.25
215.18,196.21,128.33,204.26,38.42,1097.71,948.75,218.92,42.63
289.75,289.75,0.0,278.16,0.0,955.9,609.23,285.25,43.02
172.39,258.64,0.0,248.27,0.0,996.72,767.69,43.25,33.48
533.98,138.01,181.22,156.06,9.5,934.1,841.5,366.11,77.49
244.88,196.39,79.86,160.8,5.72,823.59,864.91,39.64,73.34
501.74,343.76,162.15,173.46,11.6,1122.35,956.2,92.35,74.36
596.49,240.68,239.81,226.45,31.44,920.43,1010.3,368.49,45.52
189.34,224.36,174.7,236.44,11.22,902.15,716.41,43.25,32.47
513.99,241.68,190.44,283.59,7.27,972.25,944.4,169.03,80.82
307.2,0.0,121.88,178.24,15.13,1031.79,922.87,18.25,23.54
530.8,257.69,50.23,240.85,20.2,912.26,998.69,173.7,69.36
186.66,176.9,0.0,217.16,9.76,1025.64,843.08,43.25,21.29
435.12,258.61,66.51,177.69,19.72,1025.4,745.56,97.91,80.97
462.92,172.14,47.02,248.96,20.82,967.38,741.36,333.15,73.81
379.99,306.51,151.78,199.24,28.02,1040.28,732.82,186.21,40.79
385.04,374.86,53.23,209.73,2.88,909.44,671.38,152.48,64.38
544.75,48.37,117.74,283.42,12.27,857.49,849.18,203.47,55.28
479.46,0.0,0.0,234.24,0.0,964.1,777.44,105.25,54.64
648.36,225.11,205.17,182.44,11.3,978.12,792.84,51.0,67.44
553.14,264.13,90.41,240.17,28.71,961.91,865.08,96.2,44.27
654.71,157.04,237.88,294.77,23.76,1166.39,995.75,335.79,70.51
452.1,67.41,61.6,246.43,13.69,1038.25,639.72,294.67,58.14
345.82,90.86,163.66,281.4,18.33,945.38,650.32,150.84,50.04
583.48,102.06,76.31,220.0,27.94,949.06,822.66,255.08,78.33
374.88,221.11,170.33,191.65,18.62,1152.98,810.53,167.17,76.68
291.94,297.21,21.88,243.99,16.84,1094.46,967.1,359.78,36.99
366.56,135.51,217.96,158.07,22.61,883.17,1017.98,89.55,39.31
296.33,294.48,239.85,162.74,18.99,1078.24,741.65,104.71,60.99
335.69,297.28,192.47,152.93,1.56,1112.68,917.12,300.29,73.87
223.57,261.91,100.13,152.43,19.79,1055.82,630.08,136.87,73.46
199.18,345.37,31.14,232.67,8.19,1077.08,989.07,48.52,56.11
189.38,283.19,44.96,214.47,19.89,836.38,904.83,267.33,56.92
312.82,31.38,210.24,194.74,26.95,1050.08,630.09,243.07,60.13
235.84,22.2,175.79,235.14,34.66,897.1,708.98,263.05,74.42
292.08,89.73,187.84,258.51,36.48,856.98,779.74,299.12,67.61
313.59,155.55,234.98,211.67,8.67,1098.23,822.23,39.04,72.85
472.61,156.91,1.89,296.18,22.15,859.95,689.52,42.46,72.2
651.32,129.24,53.62,284.26,10.85,936.88,831.47,140.93,71.66
216.6,286.09,13.46,159.1,1.26,1139.66,753.47,61.64,51.21
488.51,54.37,92.01,204.69,12.55,882.92,721.04,59.09,70.61
444.31,173.06,39.03,245.98,3.12,991.99,705.44,131.88,39.26
570.63,51.03,111.87,289.34,5.72,1134.61,938.44,198.71,78.58
203.45,385.1,160.92,192.19,13.87,920.09,980.86,305.7,78.88
345.22,225.55,80.21,277.15,21.3,848.23,972.49,167.78,72.46
629.17,269.03,175.95,279.6,36.39,855.56,757.75,160.02,42.26
368.64,315.82,45.61,180.49,10.14,1080.07,796.44,167.36,68.68
609.01,4.62,37.01,189.34,34.71,1166.47,709.29,261.02,37.34
240.73,310.68,104.05,224.96,34.09,1108.46,734.61,337.02,45.76
154.71,200.63,35.49,230.78,2.07,1002.45,929.1,194.8,68.22
394.21,21.55,180.39,193.58,38.48,1164.34,908.99,112.39,35.87
456.14,139.84,141.69,286.48,23.0,1080.72,790.45,232.71,66.97
270.86,40.61,220.4,183.79,16.33,1138.33,804.54,208.56,29.97
453.48,164.65,98.59,152.45,18.44,957.64,847.22,292.5,66.14
658.8,0.0,0.0,197.64,3.05,1066.67,693.33,43.25,89.59
,,,,,,,,68.4
183.09,218.55,183.77,262.44,11.31,1169.81,817.33,238.07,48.55
518.5,129.69,0.0,187.27,20.13,873.95,909.85,71.25,72.02
225.47,247.01,229.21,180.56,21.14,1129.52,904.55,119.74,78.42
279.85,215.68,179.41,151.61,38.15,868.85,856.35,18.46,37.02
491.73,197.5,11.68,229.13,8.94,962.5,788.73,191.38,66.83
544.12,29.28,96.38,197.64,12.57,991.79,730.26,43.25,59.8
227.99,151.86,144.21,242.96,24.18,952.3,871.27,143.96,67.83
215.2,382.29,160.45,219.18,9.4,1005.13,617.3,153.77,66.03
208.35,270.11,164.95,293.49,24.56,1036.37,975.87,88.95,58.25
650.79,322.58,106.45,168.46,18.81,1129.41,985.77,211.48,71.27
164.2,247.46,45.74,198.68,4.57,1100.65,634.2,178.43,66.54
425.93,422.27,241.62,154.27,13.83,1102.89,864.71,113.94,60.19
328.15,34.09,6.11,279.65,7.47,1099.53,653.25,142.28,57.37
155.14,107.62,139.23,213.51,30.73,1013.78,659.78,181.92,57.44
656.68,258.46,57.51,286.52,21.83,1062.18,770.34,268.55,61.08
290.86,181.87,67.3,284.91,0.54,916.99,834.2,353.32,66.93
287.92,0.0,0.0,236.68,0.0,992.82,907.69,105.25,24.58
445.68,324.51,149.59,180.28,7.15,944.46,981.45,146.08,68.05
255.77,21.11,212.0,187.93,19.83,829.28,898.59,41.09,37.09
369.02,275.65,106.85,234.49,38.89,1122.85,892.85,235.52,55.15
127.63,69.85,156.5,290.67,23.96,929.94,832.63,73.28,61.79
323.84,339.3,96.82,150.12,10.21,996.55,775.25,102.1,66.64
285.37,119.94,172.98,165.96,29.04,936.04,927.65,343.24,56.28
132.02,389.3,173.42,169.39,23.17,831.19,718.12,23.98,55.13
462.49,162.67,164.07,173.67,24.12,1098.32,702.05,266.62,58.74
197.64,252.54,209.84,263.52,12.2,843.08,654.36,43.25,44.62
430.54,412.13,102.39,229.68,7.08,1004.93,787.32,167.65,44.31
518.5,129.69,0.0,187.27,20.13,873.95,909.85,106.25,73.02
253.55,91.78,57.25,222.56,0.86,924.79,727.27,87.2,71.32
267.06,0.0,151.4,193.37,13.79,1106.36,815.28,71.25,41.74
225.76,189.77,65.96,190.88,9.32,986.95,706.61,33.34,65.5
,,,,,,,,76.68
242.48,162.28,37.48,159.28,7.74,968.25,1009.84,365.39,39.09
344.16,385.07,208.26,249.09,27.38,899.77,991.56,230.41,70.46
657.66,83.99,99.5,213.06,11.33,1134.07,777.86,92.78,74.92
208.31,194.93,2.47,243.35,11.71,908.51,1009.42,93.09,75.45
383.87,260.68,241.77,280.04,16.1,861.88,636.19,271.14,75.72
509.34,127.4,58.94,234.12,4.86,1162.65,752.16,157.27,47.67
468.82,298.0,240.59,240.55,0.14,1078.62,866.06,101.84,54.99
166.66,360.03,130.55,208.1,9.16,1029.5,790.78,300.04,64.13
518.12,312.82,43.3,289.06,2.22,862.02,683.15,314.9,27.8
344.29,371.34,132.75,264.21,12.26,1088.11,703.86,128.65,50.41
562.86,400.84,87.7,180.02,24.47,853.1,876.58,20.98,71.99
490.2,115.53,0.0,179.83,13.91,971.08,873.95,106.25,84.56
446.57,193.08,227.4,299.96,15.38,1039.01,785.56,194.61,60.3
495.65,201.61,28.87,264.73,38.66,855.95,951.58,45.36,81.17
469.97,236.02,205.09,234.5,19.44,1101.95,949.69,63.32,66.1
,,,,,,,,42.11
561.85,213.76,28.15,242.68,33.82,895.5,965.36,350.37,72.98
421.82,301.86,231.45,189.08,18.27,1129.15,985.82,54.59,61.42
305.21,325.89,45.28,163.65,24.0,1042.98,803.13,258.64,73.81
222.42,114.3,189.53,211.02,35.64,889.94,756.07,295.37,42.51
454.21,283.63,74.9,191.38,19.37,1107.8,907.16,118.13,59.73
,,,,,,,,51.64
517.75,217.83,94.96,181.56,37.92,836.05,1013.63,82.09,29.78
439.44,112.83,111.65,277.23,6.36,995.51,712.43,372.63,75.55
455.33,135.16,11.21,296.54,38.02,867.5,731.08,262.41,55.52
472.3,160.27,71.44,283.51,21.45,895.89,770.79,341.55,39.59
307.44,0.0,0.0,225.7,0.0,1139.49,804.1,43.25,22.05
305.24,203.5,0.0,248.27,0.0,1002.67,711.9,18.25,10.9
168.29,397.72,209.85,212.85,2.06,978.42,690.13,71.88,41.7
438.9,331.37,85.99,262.52,34.37,1049.66,679.28,131.18,68.63
463.6,0.0,0.0,278.16,0.0,955.9,687.18,105.25,59.26
219.23,370.7,146.22,213.41,20.01,963.33,702.07,236.4,76.01
572.18,142.98,0.0,168.12,39.28,873.95,862.05,43.25,74.93
211.49,253.98,196.71,259.58,1.94,1116.88,891.74,264.86,67.74
449.37,114.28,38.28,216.34,19.35,1130.3,852.83,283.64,54.14
160.18,351.25,68.74,269.12,25.87,1150.81,771.77,377.47,65.71
646.58,293.43,81.62,218.45,14.77,1172.54,985.11,241.93,82.18
313.28,133.43,197.37,210.63,9.2,843.4,753.42,375.36,47.22
448.0,217.93,56.59,210.63,35.97,965.3,776.56,44.87,30.28
428.41,109.92,28.72,266.37,14.76,985.48,889.48,248.11,55.22
523.39,39.61,155.03,257.51,29.75,1008.7,1014.36,300.99,54.58
183.72,120.2,167.11,174.17,11.51,835.92,928.8,218.59,51.65
129.34,70.66,196.56,180.75,31.77,965.5,624.91,336.74,64.0
192.05,305.58,46.77,228.41,8.53,959.68,1004.06,297.25,60.03
567.89,123.08,107.06,284.93,6.03,1026.33,701.27,78.4,62.03
600.76,271.31,115.12,221.28,27.58,1085.26,1002.33,313.27,69.33
302.72,236.97,35.94,170.28,25.68,851.05,832.0,236.61,38.79
337.94,0.0,0.0,233.02,0.0,992.82,877.95,195.25,36.21
571.95,280.16,226.36,154.39,22.27,1125.33,983.59,121.59,55.67
482.01,391.74,131.12,238.79,1.78,1071.68,812.36,246.47,73.65
439.64,119.36,193.27,159.67,3.91,1124.98,753.06,332.27,75.38
210.74,83.67,57.22,226.24,2.44,1114.51,745.95,202.91,76.2
202.4,36.48,194.17,233.89,27.6,923.71,695.02,93.47,73.1
413.54,24.93,225.3,154.36,5.89,949.41,972.48,106.52,58.93
416.53,121.76,194.85,226.43,9.57,933.49,682.09,376.28,75.66
400.8,82.66,108.59,156.68,14.01,953.71,937.97,164.39,62.16
372.36,244.36,12.37,183.87,3.5,1071.11,794.55,61.42,43.59
201.3,0.0,183.0,222.04,14.64,1049.23,747.69,43.25,20.19
282.92,2.48,132.07,260.82,13.77,869.24,940.29,265.08,33.15
461.75,157.04,140.89,252.59,16.49,858.7,691.7,85.95,74.68
242.53,177.19,174.26,168.36,17.08,1078.64,863.57,294.99,52.43
628.09,321.63,46.44,237.0,25.04,854.6,735.3,71.5,68.06
175.85,303.61,64.15,226.25,20.55,904.6,736.37,196.65,46.48
420.87,127.74,107.2,275.73,0.09,935.41,935.74,309.27,67.85
588.07,191.83,237.1,149.49,5.24,1022.78,779.69,357.25,29.0
513.2,182.03,34.43,233.93,27.22,1147.87,755.1,21.23,57.17
469.7,0.0,165.92,192.76,24.4,926.15,787.69,43.25,62.22
343.44,320.25,188.77,226.79,36.14,1037.92,766.5,222.96,74.59
530.98,189.84,121.77,230.44,17.22,839.76,989.24,59.94,65.89
512.65,408.3,40.34,195.85,8.01,930.51,847.54,285.84,51.78
619.81,8.5,35.89,177.99,12.62,1161.32,862.9,261.19,71.55
444.01,95.26,87.98,241.82,2.59,896.62,939.59,289.78,75.49
559.93,279.77,26.82,214.07,5.66,1031.19,708.62,200.59,36.71
322.53,361.34,159.7,195.0,1.69,1071.02,896.14,294.02,55.87
172.88,69.78,28.38,212.04,32.7,1049.31,922.28,70.28,75.7
149.23,53.2,3.36,215.17,4.09,986.88,1001.34,274.06,62.21
198.68,389.73,137.2,240.56,31.47,1075.1,869.57,82.0,67.53
354.83,278.89,145.57,261.13,14.87,860.32,683.56,47.84,70.49
174.22,255.07,148.18,174.63,9.14,860.7,649.11,325.0,57.78
139.73,41.16,93.27,216.32,21.34,984.54,673.87,221.35,73.81
326.17,46.83,236.43,255.46,10.69,893.81,974.02,273.6,60.37
461.92,373.87,31.2,270.66,19.23,909.14,996.41,179.97,53.13
214.68,351.23,3.25,260.3,7.63,1155.08,727.66,378.68,68.55
585.82,386.96,100.96,262.08,35.76,875.82,969.41,373.55,70.42
325.37,229.09,92.42,168.05,29.47,988.3,995.15,314.69,49.08
517.24,374.44,97.29,154.15,21.77,1150.43,804.97,253.2,78.14
257.45,175.27,76.94,215.42,20.56,860.2,777.9,35.72,80.84
411.35,144.92,188.1,181.23,37.13,1149.26,806.64,93.17,73.3
587.24,77.56,16.03,239.25,34.48,1102.11,737.41,336.82,57.29
133.74,422.28,218.59,273.81,18.15,882.57,709.22,129.35,77.14
368.29,75.76,90.06,296.12,2.84,1138.37,791.02,100.28,42.98
141.65,275.49,242.48,183.11,16.06,978.91,690.41,85.9,67.9
568.85,324.08,132.39,158.29,29.15,1013.17,656.51,242.36,61.56
490.4,82.89,210.12,221.67,13.83,1158.51,1008.47,196.23,66.82
241.33,312.32,155.14,152.59,35.1,847.74,707.64,105.13,63.2
347.41,132.38,51.3,257.5,14.54,1063.46,829.15,65.76,34.13
599.02,31.72,150.06,256.2,4.76,904.62,716.92,22.25,37.51
191.93,106.06,93.22,235.02,18.56,1074.77,741.0,208.17,60.31
403.69,246.97,207.68,195.77,31.1,879.37,939.26,249.08,18.24
407.9,362.19,146.88,178.51,22.23,990.45,873.31,223.86,50.56
211.95,422.55,20.58,241.59,23.44,1135.67,965.2,290.83,36.76
366.22,214.78,1.34,299.68,3.45,977.19,624.95,225.29,73.96
344.72,418.89,26.05,201.19,20.62,1152.52,811.09,273.97,26.32
410.89,75.68,117.76,199.13,12.87,1168.8,663.94,29.87,53.7
315.94,321.76,18.43,285.92,16.42,1139.44,762.33,346.52,59.81
125.07,310.39,160.68,233.7,2.69,969.77,609.79,219.02,26.86
610.6,256.94,29.32,232.04,20.21,1072.55,900.09,117.96,55.08
359.3,26.97,112.38,221.74,34.19,980.23,655.72,338.53,63.92
522.16,422.14,178.0,161.18,8.92,955.17,1012.1,126.86,36.64
345.4,347.53,45.68,276.97,20.76,1112.99,985.0,257.76,58.94
376.26,138.04,70.99,287.56,15.97,1063.07,899.18,273.63,44.48
518.0,31.09,167.61,269.24,35.02,1084.24,628.9,50.58,74.29
466.65,0.0,0.0,226.55,0.0,1074.67,758.26,43.25,41.93
507.58,355.55,219.06,150.86,5.85,840.84,983.65,58.24,72.14
261.13,238.35,151.86,272.07,36.26,884.66,660.56,351.59,78.02
271.45,408.92,200.2,278.54,18.85,897.32,611.61,88.36,50.23
656.87,291.24,117.33,233.06,12.63,949.06,958.61,122.89,77.65
393.02,182.12,5.34,161.88,26.42,1122.83,822.69,229.07,55.37
589.06,413.01,48.86,269.78,6.12,921.71,933.83,275.91,52.8
392.11,0.0,156.04,222.65,14.03,892.41,799.69,43.25,41.74
219.9,433.96,193.45,271.9,26.45,1119.58,1004.87,264.83,59.88
303.9,0.0,120.54,192.88,15.62,1013.13,911.79,43.25,34.55
454.71,417.46,189.89,287.44,27.39,907.49,656.45,295.22,71.42
305.0,0.0,116.75,228.63,6.71,981.44,883.28,18.25,15.48
125.31,142.5,81.98,292.66,28.41,974.91,771.54,33.71,74.41
221.51,209.82,216.22,293.57,28.29,1162.33,860.77,17.82,51.93
201.06,288.2,78.21,208.34,20.82,937.34,1016.2,261.13,50.76
308.01,398.26,28.66,163.5,11.17,1009.74,765.59,168.79,63.6
471.88,323.96,206.73,296.84,5.44,1165.52,878.7,97.84,46.42
392.52,430.39,73.56,245.63,18.44,1058.17,804.38,33.64,72.45
362.58,0.0,143.35,213.26,11.59,1049.03,772.82,18.25,24.54
236.68,74.95,74.56,285.57,20.68,958.0,746.98,357.36,65.91
515.86,364.42,231.59,196.1,11.36,1028.38,972.85,93.21,34.9
389.18,40.3,176.66,232.27,6.12,979.69,832.35,275.59,44.22
378.62,308.88,144.11,234.43,25.63,1053.39,983.67,279.15,57.17
186.05,346.22,122.78,273.05,9.3,982.06,920.43,255.24,64.42
281.05,411.15,207.72,180.59,33.2,1050.66,947.96,360.48,69.33
585.6,0.0,0.0,234.24,0.0,960.21,730.46,22.25,38.72
357.29,128.77,56.74,296.49,23.32,903.07,963.67,66.19,64.91
139.74,253.57,156.73,296.97,19.34,1141.03,610.31,337.09,59.19
292.85,213.3,143.25,266.56,32.19,999.01,909.12,166.75,71.19
204.46,388.99,102.13,164.36,4.58,830.12,638.09,69.87,58.59
341.48,129.01,92.65,188.13,38.97,966.3,897.94,224.23,70.81
332.82,221.92,0.0,226.55,0.0,1038.36,732.62,22.25,22.14
152.0,117.6,67.97,252.1,2.87,875.73,716.55,360.69,55.82
610.0,0.0,0.0,244.0,0.0,1153.85,628.72,29.25,41.37
446.84,192.37,87.58,149.98,36.34,967.22,742.6,376.4,62.58
384.74,316.34,139.1,187.73,2.33,920.11,910.93,193.22,73.0
254.35,363.5,86.21,265.14,31.79,1074.93,725.27,44.74,60.03
356.88,297.43,164.57,282.46,29.33,857.97,922.11,314.73,59.64
610.0,0.0,0.0,170.8,4.88,990.77,874.87,43.25,75.68
503.08,97.66,215.21,148.7,23.34,1107.78,1005.27,321.1,53.8
379.57,99.63,67.05,176.33,36.36,833.9,970.12,227.45,68.16
507.66,336.34,90.75,247.66,22.36,1095.29,820.37,302.37,70.73
445.49,369.4,137.53,207.59,6.46,864.23,961.36,25.03,49.34
275.16,296.07,221.7,276.76,28.65,913.02,1002.79,227.56,50.78
324.93,328.97,60.2,285.06,26.76,878.63,945.33,191.29,43.75
213.09,109.18,205.15,186.34,18.4,1071.26,627.51,340.54,65.78
616.35,360.98,14.68,255.39,22.2,995.79,863.56,236.17,73.15
,,,,,,,,60.93
242.09,9.22,40.74,261.13,8.2,893.28,805.61,46.79,78.48
392.01,269.39,27.68,260.89,3.06,880.87,960.15,24.2,72.34
528.76,84.36,3.3,175.96,29.89,842.86,899.47,103.45,54.13
337.72,395.3,0.21,193.91,18.47,987.26,968.18,325.45,55.51
189.1,223.26,0.0,235.46,10.98,1073.85,714.87,43.25,20.47
336.72,141.52,109.8,219.6,10.98,892.31,787.69,43.25,49.59
357.29,215.85,207.63,251.62,21.63,1051.03,935.07,288.23,64.94
141.52,211.06,0.0,234.24,0.0,933.13,914.77,18.25,7.03
418.1,168.51,147.94,232.85,16.04,1078.93,779.59,254.25,45.52
149.16,2.47,189.42,151.42,18.98,934.45,846.07,161.39,77.71
638.35,344.16,51.81,234.74,10.33,887.9,751.5,98.99,62.05
626.69,236.65,243.81,238.64,27.91,1061.32,981.32,356.29,57.56
269.67,373.23,59.18,258.14,1.66,909.02,686.65,74.74,63.79
360.29,162.07,189.34,287.14,26.31,1148.19,805.41,119.5,39.19
525.86,378.21,108.57,257.18,17.39,975.89,910.75,154.1,53.7
595.87,104.25,84.44,269.19,12.65,1051.46,663.92,167.63,53.42
260.71,0.0,213.13,188.86,12.44,1080.51,796.31,71.25,52.24
404.1,391.33,225.59,152.68,9.96,968.62,766.86,26.85,70.94
587.89,432.81,33.18,282.54,25.39,1142.81,1006.91,115.99,70.64
570.25,413.66,211.6,218.25,21.58,890.82,641.84,313.64,52.45
567.29,50.18,182.16,243.82,30.68,971.26,673.14,80.05,32.42
398.48,265.13,149.45,193.93,22.34,993.02,638.79,106.5,62.23
555.51,329.45,201.42,258.72,0.08,1037.3,952.96,44.24,77.75
390.94,96.12,187.44,272.33,32.79,1154.25,910.65,252.94,73.66
236.07,354.04,0.0,226.55,0.0,1023.79,722.36,43.25,36.55
264.87,235.99,44.9,220.99,17.29,837.42,834.34,41.44,53.94
208.09,296.81,116.22,220.59,27.39,1051.56,922.38,56.82,56.07
512.97,324.95,220.44,222.1,25.86,1087.7,649.57,182.06,52.36
573.17,270.41,207.37,288.4,9.73,921.1,652.12,90.16,73.65
582.32,341.7,15.91,243.79,6.37,1139.43,940.68,264.8,76.73
293.4,219.34,208.45,160.99,28.64,1156.92,970.36,181.75,55.93
608.54,437.12,180.58,183.34,17.95,895.63,935.17,68.38,72.02
501.5,374.6,146.66,294.44,25.4,990.99,935.66,81.4,67.86
152.81,279.98,52.3,261.12,25.42,967.6,730.77,182.05,51.43
513.75,347.35,6.19,262.61,15.19,1002.04,649.6,337.44,51.28
141.5,96.36,143.52,214.38,25.09,1026.58,1010.43,34.51,39.26
372.47,248.27,0.0,248.27,0.0,990.15,647.18,22.25,29.0
342.18,241.61,61.4,177.73,30.87,1069.15,943.7,109.52,54.96
291.45,137.3,198.96,248.77,37.6,1166.82,684.67,269.45,46.37
622.87,12.86,217.86,192.91,19.69,1076.4,638.76,283.23,73.56
248.22,98.6,192.25,221.14,27.26,884.15,713.56,202.96,48.22
258.64,0.0,152.26,193.98,9.52,1113.23,820.0,29.25,35.11
443.4,15.73,160.97,233.13,25.3,881.48,956.39,181.33,70.09
349.72,36.22,208.49,170.09,12.27,1109.66,853.72,361.87,52.96
167.73,144.66,112.07,256.6,18.98,1060.8,978.32,182.55,76.63
267.49,62.22,214.5,208.69,19.51,1047.97,940.39,363.73,48.31
477.54,255.83,141.59,279.44,15.68,1153.24,703.97,224.77,71.96
174.59,218.17,183.99,295.55,6.56,890.11,743.3,58.32,74.37
234.24,351.36,0.0,234.24,0.0,953.64,734.46,22.25,24.06
596.42,256.13,125.74,169.28,23.7,1130.92,817.08,302.03,51.1
153.16,257.93,210.8,259.78,5.52,1152.89,724.4,198.03,60.46
186.29,176.53,0.0,217.28,9.76,1025.33,843.28,43.25,21.29
496.81,57.52,95.01,280.74,11.81,1166.9,648.02,245.04,67.96
147.29,374.07,187.42,259.4,21.03,982.48,906.63,91.89,64.6
187.58,338.12,35.55,189.84,33.86,925.56,645.16,254.13,52.24
397.48,389.61,214.65,233.91,21.19,1009.84,812.41,361.47,33.56
,,,,,,,,59.36
513.81,234.93,211.15,266.45,25.81,954.1,862.37,103.5,58.16
242.88,231.81,163.3,273.36,31.95,1156.08,949.72,238.72,31.37
133.85,93.14,54.26,300.86,2.81,1000.36,728.36,127.4,55.98
155.57,282.84,52.87,160.64,4.54,1066.19,988.27,51.71,26.12
317.21,143.49,237.76,232.51,31.68,872.83,733.39,50.15,51.81
155.98,171.81,62.38,162.31,8.92,986.83,677.58,236.77,59.19
144.98,249.0,160.09,188.96,36.17,958.92,661.74,189.57,27.97
306.0,409.44,93.6,283.92,1.76,1168.63,863.22,79.83,76.29
478.34,211.15,57.48,190.41,31.16,1024.26,760.75,320.62,57.57
289.75,289.75,0.0,278.16,0.0,955.9,609.23,22.25,29.41
579.5,144.94,0.0,220.94,10.86,873.95,801.54,43.25,76.5
171.38,435.23,61.73,177.86,7.99,1159.85,898.14,82.62,53.99
498.92,390.12,0.9,222.03,6.65,923.49,945.29,41.12,55.35
499.46,280.56,203.67,237.24,13.32,843.0,886.94,309.27,77.11
373.23,372.79,116.84,183.64,1.21,1105.84,871.91,373.2,57.44
160.84,78.36,129.38,223.63,8.02,1062.48,611.19,27.43,76.9
167.21,158.24,151.4,238.01,31.71,1015.3,863.25,247.55,54.09
319.97,307.66,15.58,200.51,19.45,923.46,1011.56,111.67,55.05
429.84,123.86,182.98,274.83,21.07,898.23,1000.38,348.97,53.33
324.76,137.01,106.75,217.04,12.69,933.03,763.59,43.25,44.15
472.14,24.4,114.68,191.54,17.45,962.05,866.67,43.25,56.27
503.6,423.8,121.81,286.58,34.32,1134.07,766.03,49.15,50.85
556.81,171.35,205.61,208.82,14.24,839.59,824.05,74.5,60.3
406.26,0.0,0.0,234.24,0.0,955.08,864.21,22.25,26.21
423.66,343.84,21.56,229.93,20.09,1119.6,977.04,334.27,55.74
606.71,86.46,5.48,213.01,17.94,1110.85,699.11,48.45,62.57
236.32,14.77,184.33,298.72,26.6,969.29,676.75,168.71,38.28
204.36,414.1,210.23,219.88,20.75,1046.13,881.59,114.74,63.63
517.15,377.57,164.13,293.9,31.78,831.73,815.75,134.63,69.62
178.97,93.57,61.41,200.88,38.9,1158.72,877.6,86.07,70.28
243.33,174.75,218.32,232.16,38.96,900.58,869.71,113.35,78.94
573.38,50.08,98.55,288.34,3.01,900.25,711.79,117.97,70.13
643.08,327.18,103.7,170.21,15.18,1007.55,798.44,338.4,55.25
280.69,2.62,90.14,158.28,23.95,868.69,684.14,78.95,71.15
372.58,185.24,103.25,161.48,31.4,852.09,852.31,36.33,54.71
563.36,31.09,145.47,285.23,25.29,842.21,988.24,351.38,62.72
306.71,0.0,144.33,235.34,7.08,1070.36,773.64,43.25,37.26
389.33,195.24,216.87,295.28,14.32,1086.49,844.46,370.64,59.21
501.1,27.52,25.68,176.47,3.61,996.14,849.66,106.55,67.4
590.3,280.26,224.67,162.85,11.12,1053.36,623.92,298.75,45.24
149.79,433.92,85.35,173.1,10.71,1080.38,648.97,109.1,54.35
623.08,191.29,138.09,167.61,34.25,1037.92,922.37,191.79,77.2
446.03,49.68,123.68,149.63,7.53,1002.71,918.91,123.47,52.77
477.26,64.39,18.57,280.46,0.98,1069.63,929.55,362.67,77.42
252.34,378.78,152.47,148.87,37.96,1166.01,811.59,235.44,71.88
615.59,178.46,160.21,285.21,0.16,875.5,985.08,296.66,70.5
544.18,356.21,222.61,188.93,23.59,1022.4,942.13,250.32,53.53
309.27,343.01,194.52,152.59,9.03,1108.51,840.17,258.36,66.49
454.21,180.43,207.38,242.59,15.84,1060.34,713.81,339.76,68.21
404.3,206.25,177.75,291.18,14.95,928.13,710.23,150.44,64.51
618.73,302.87,129.01,193.36,1.75,1077.49,665.48,247.57,60.45
173.25,12.82,112.76,160.26,14.38,997.09,666.84,26.61,65.5
276.25,207.69,47.26,249.79,9.84,1149.55,805.17,142.33,62.91
394.87,262.5,242.97,179.53,3.79,1097.96,961.06,196.56,57.8
206.93,304.49,227.45,226.12,29.87,1095.03,724.54,161.97,61.49
533.66,367.79,170.28,221.77,13.76,1035.25,693.23,222.07,58.23
498.69,388.37,55.46,274.71,26.24,1169.73,692.94,203.51,38.08
618.86,130.44,73.7,230.46,9.08,1165.71,648.79,311.54,73.58
148.0,340.61,169.95,230.1,2.21,879.0,675.65,258.53,68.2
145.89,389.36,65.95,286.41,16.85,961.7,654.06,246.27,60.63
540.48,30.98,146.0,223.48,9.54,893.61,665.7,35.76,69.67
204.96,51.36,199.84,148.6,6.95,1085.85,800.1,115.25,43.94
355.86,424.37,87.78,298.48,19.46,876.74,717.76,83.39,42.7
227.73,157.7,216.05,160.41,19.91,996.27,937.66,339.62,75.0
598.28,369.02,175.76,287.78,37.96,1087.72,974.3,138.16,70.42
414.08,151.18,161.34,158.21,12.01,954.5,823.42,30.36,67.68
215.67,69.41,86.72,259.84,16.73,940.35,867.82,304.9,52.87
287.21,389.85,124.74,232.14,1.44,1037.59,1005.99,180.14,53.94
321.37,193.32,112.62,191.24,9.6,1056.58,900.43,171.77,71.2
348.11,417.82,230.07,167.38,28.52,1149.69,921.07,322.04,82.21
411.61,435.19,157.77,247.4,27.73,849.02,986.19,65.37,36.17
644.8,267.93,158.4,234.93,39.27,1063.46,780.84,358.22,38.83
198.62,139.38,24.56,151.18,7.87,1003.41,884.19,253.96,74.29
253.29,31.22,17.72,257.37,8.94,921.71,825.01,25.01,69.41
605.26,283.35,7.24,293.1,29.36,924.45,723.5,196.47,73.43
537.38,150.13,19.75,200.6,11.52,1100.7,913.52,235.05,59.31
187.47,394.44,94.78,212.44,31.6,848.76,740.66,364.0,71.75
262.18,65.64,148.72,189.83,11.71,1040.31,800.62,115.25,63.43
401.44,216.08,79.28,280.74,2.15,925.45,832.88,283.1,63.98
498.74,71.89,33.81,245.54,18.89,1046.1,720.97,215.29,70.27
305.24,203.5,0.0,248.27,0.0,1002.67,711.9,43.25,41.4
413.58,0.0,0.0,225.7,0.0,1096.41,773.33,43.25,35.66
178.44,78.28,123.58,180.98,19.37,850.49,731.75,34.12,46.35
160.3,405.01,160.26,220.27,23.31,876.28,627.6,44.12,75.24
494.12,250.97,120.41,255.83,30.86,1044.25,694.35,21.39,53.84
529.74,382.17,67.87,241.47,26.33,1098.39,641.59,238.24,24.15
210.0,341.01,117.11,236.93,2.62,890.23,645.66,106.4,25.5
360.01,307.54,102.33,160.38,5.22,1032.84,979.35,200.85,59.67
629.52,0.0,0.0,197.64,10.13,821.54,822.56,43.25,46.33
480.53,188.71,47.97,231.23,30.47,920.41,656.16,353.39,75.79
247.67,223.55,60.18,160.62,35.56,932.37,874.56,113.38,63.32
475.07,156.93,159.96,187.67,20.51,1144.61,863.18,278.19,76.54
541.05,410.89,35.03,205.99,6.13,1075.17,981.94,282.93,64.04
143.44,189.98,125.48,206.57,11.48,1114.96,724.85,253.43,55.39
485.28,398.83,143.01,271.92,2.74,983.91,808.36,360.75,53.14
290.36,0.0,0.0,225.7,0.0,1146.67,809.23,43.25,19.64
567.77,381.34,89.86,266.36,27.43,1137.49,765.95,110.43,68.67
405.47,158.89,51.53,225.47,9.89,1112.35,794.02,229.48,68.62
632.77,73.54,235.58,239.46,33.06,856.94,827.65,119.98,65.65
246.44,13.42,172.02,251.32,2.07,966.15,821.54,22.25,16.88
372.64,362.37,230.55,227.41,19.37,906.17,918.87,340.35,32.54
342.42,321.31,201.73,171.24,30.39,1081.27,668.35,133.32,72.4
405.65,173.85,0.0,278.16,0.0,955.9,609.23,285.25,45.1
295.76,289.64,193.33,270.89,8.7,885.73,686.77,113.59,48.47
129.43,429.72,83.16,267.11,22.08,1091.64,1011.77,88.26,47.1
351.39,338.88,127.06,266.92,7.89,876.06,629.93,190.8,64.64
599.02,31.72,150.06,245.22,4.76,843.08,716.92,22.25,42.47
645.65,187.45,130.79,286.15,30.4,1038.28,910.11,143.5,74.83
579.78,13.18,2.0,176.78,13.88,1119.91,763.67,47.72,52.75
354.32,362.43,72.14,210.07,3.76,1024.44,962.86,64.49,71.49
508.99,283.23,134.77,223.18,8.31,1085.9,827.72,267.75,38.13
305.0,0.0,116.75,228.63,6.71,981.44,883.28,71.25,42.93
394.91,345.02,0.0,224.24,12.57,966.87,676.82,22.25,55.78
313.35,244.66,85.61,168.58,32.13,1022.37,1002.89,229.96,60.98
595.94,178.12,40.28,230.78,16.03,935.53,975.23,28.56,61.68
209.87,221.14,42.95,151.13,11.88,1073.9,822.39,309.63,61.51
518.5,129.69,0.0,187.27,20.13,873.95,909.85,18.25,37.41
277.04,152.2,173.92,266.59,10.89,1072.16,985.65,226.8,42.89
496.21,217.89,189.42,251.22,22.01,995.54,990.05,340.04,58.49
546.66,101.39,78.19,189.02,22.07,1173.19,768.62,230.08,71.73
182.26,325.06,2.55,236.7,1.4,1087.95,628.53,307.62,28.34
306.71,0.0,144.33,229.97,7.81,1054.77,777.13,29.25,27.36
201.3,0.0,175.19,199.84,0.0,1031.38,924.0,18.25,16.13
526.92,9.08,198.73,207.89,22.18,1065.28,796.66,292.26,61.05
639.0,299.98,55.16,277.19,12.35,934.5,634.95,180.89,73.0
236.52,112.59,208.48,177.3,18.17,999.32,891.93,334.45,33.56
396.31,229.02,2.69,186.82,11.64,838.38,899.26,222.99,68.31
656.56,55.99,105.15,251.2,26.62,971.42,725.6,151.67,55.05
456.65,0.0,0.0,232.04,8.17,1039.18,749.13,43.25,43.75
455.91,156.51,150.58,160.66,19.05,971.54,928.7,241.96,67.49
476.09,88.47,23.4,177.49,13.64,827.79,642.21,211.29,58.26
321.23,363.07,122.53,180.21,1.43,1110.96,774.82,347.61,38.92
204.96,51.36,199.84,148.6,6.95,1085.85,800.1,18.25,8.68
393.79,401.65,234.46,285.99,6.04,1131.84,894.39,71.79,58.18
407.49,234.19,131.66,290.74,1.67,1145.56,871.92,24.09,72.32
335.09,402.42,221.11,264.55,7.29,908.73,994.54,70.36,56.91
490.2,115.53,0.0,179.83,13.91,971.08,873.95,71.25,82.54
280.18,348.96,106.35,182.12,11.48,1084.06,871.66,38.83,61.61
495.21,197.96,51.75,219.93,31.57,951.49,655.25,315.53,44.26
311.34,290.21,80.27,287.53,35.89,1017.32,979.62,166.88,59.57
522.22,101.33,189.77,214.68,27.38,1133.14,639.96,221.24,49.76
384.13,224.44,181.37,255.18,6.9,1163.96,639.34,107.42,59.95
616.49,34.35,206.19,245.58,39.05,928.14,746.89,206.03,66.95
435.54,220.09,17.46,156.79,17.93,881.54,673.64,94.99,61.27
495.9,400.87,35.91,200.45,11.14,974.17,992.25,299.01,36.69
579.5,0.0,71.98,173.24,2.32,1126.15,657.44,43.25,64.1
223.93,385.21,197.24,162.56,1.54,1058.28,657.06,109.74,65.23
536.57,182.66,181.95,164.16,13.26,884.18,972.98,365.09,75.74
561.07,243.66,189.59,248.37,14.0,916.93,953.43,238.39,54.72
620.65,39.45,150.76,264.95,29.15,930.0,981.65,188.39,74.78
518.5,129.69,0.0,187.27,20.13,873.95,909.85,106.25,73.02
279.05,385.21,226.06,278.7,1.99,1023.96,882.34,53.49,60.53
431.22,366.02,168.86,156.05,27.64,996.67,614.81,200.06,62.02
489.15,274.58,147.46,214.32,6.88,895.82,939.78,278.79,51.46
426.91,392.23,42.09,297.26,17.91,1108.05,730.82,280.7,73.76
506.32,232.97,220.17,258.76,19.48,954.46,712.72,346.89,80.39
422.7,157.55,172.24,205.17,26.57,993.31,930.42,302.53,63.66
412.24,230.58,0.0,213.38,11.59,968.92,775.18,18.25,26.99
646.77,152.08,38.64,218.88,37.09,1167.25,809.66,259.99,78.13
286.57,85.94,48.42,157.2,23.19,1118.61,976.63,49.63,48.39
509.1,236.65,224.33,257.1,24.75,1061.86,824.28,254.54,71.19
392.63,412.08,37.89,199.18,26.05,1169.16,854.7,276.37,75.05
172.39,258.64,0.0,248.27,0.0,996.72,767.69,18.25,5.41
426.66,74.03,92.64,282.47,23.57,988.35,951.22,312.78,71.89
532.38,82.23,167.18,203.74,37.87,1159.13,804.56,102.96,76.18
235.66,25.43,86.8,281.38,39.02,885.0,787.27,157.59,57.33
250.51,225.41,159.45,269.14,10.2,1089.71,744.43,37.75,71.81
235.45,8.32,190.63,280.46,18.66,950.42,965.02,69.69,45.6
508.41,408.82,151.98,254.86,26.72,1085.82,615.42,299.59,55.87
614.42,438.39,238.84,189.89,32.51,1101.13,896.49,75.96,71.71
292.06,204.67,85.79,253.24,28.83,906.35,770.0,44.48,52.2
465.71,345.22,5.75,244.65,12.65,1018.91,892.29,314.58,64.59
611.19,228.29,223.81,169.04,22.47,930.18,968.94,135.47,73.62
410.53,0.0,0.0,221.92,4.15,1011.08,837.74,43.25,50.25
403.93,336.86,83.6,149.98,23.35,837.23,790.77,344.46,63.85
251.45,231.09,230.25,204.91,6.99,1156.7,994.91,163.62,71.15
191.2,124.04,77.26,203.43,37.49,1035.6,889.35,48.63,46.58
557.91,380.76,64.5,191.74,30.89,997.52,779.25,203.32,62.67
519.51,249.22,203.09,226.98,14.33,1017.71,870.36,48.53,71.29
254.3,288.4,183.61,252.46,20.84,1056.47,942.5,273.91,59.97
607.65,405.85,122.7,252.15,33.14,1012.58,945.21,192.69,24.23
388.11,373.09,22.38,149.67,21.38,861.1,794.36,17.34,40.71
158.29,24.28,217.59,184.33,38.79,826.74,757.7,155.25,53.88
319.52,134.81,105.04,238.39,6.1,918.15,751.38,43.25,37.77
475.83,193.96,5.57,231.6,36.47,1148.55,801.35,369.88,57.32
335.5,219.6,146.4,197.64,12.69,851.28,784.62,43.25,85.39
271.33,0.0,117.97,230.95,5.49,991.9,892.62,18.25,12.97
308.05,0.0,0.0,226.55,0.0,1140.1,804.41,43.25,22.14
413.23,192.81,4.23,274.86,6.34,1002.54,847.63,112.79,65.42
199.8,278.86,121.91,301.31,28.81,1123.32,825.2,35.36,56.75
403.82,0.0,0.0,234.24,0.0,1003.08,846.15,375.25,46.19
156.85,291.42,24.29,166.76,11.47,1085.96,634.36,225.03,72.64
442.17,52.32,228.97,297.27,5.7,855.68,614.18,36.77,61.86
654.89,262.23,51.14,185.14,36.85,1003.5,611.74,373.46,51.09
207.84,382.15,47.02,217.93,3.09,955.84,815.34,378.36,63.65
382.57,351.14,128.55,232.23,16.31,1098.87,675.11,293.36,67.74
311.47,120.54,93.94,230.09,7.93,942.56,768.51,43.25,37.86
567.81,389.03,148.11,178.65,11.2,1061.21,893.55,291.51,49.93
,,,,,,,,18.82
262.18,65.64,148.72,189.83,11.71,1040.31,800.62,43.25,58.46
176.58,340.63,146.84,247.63,6.29,844.31,968.96,270.4,82.98
467.19,393.86,7.05,274.33,2.68,1035.09,877.96,80.14,72.12
580.9,133.39,165.24,179.17,14.64,964.31,967.4,111.62,57.0
188.01,304.94,15.45,299.84,11.18,1118.38,707.87,60.69,66.49
305.0,0.0,0.0,222.04,0.0,1128.21,841.03,22.25,14.26
,,,,,,,,79.22
487.07,50.42,144.81,210.94,33.65,833.04,669.08,291.24,73.73
209.94,410.36,211.41,188.88,13.86,1042.77,941.82,18.93,68.1
456.86,260.29,76.09,225.19,6.16,1126.77,686.66,149.67,64.27
238.06,12.6,37.61,277.44,38.62,1014.37,826.61,41.12,64.47
318.18,109.83,137.99,273.82,25.05,1147.87,636.0,266.01,40.97
453.68,311.87,101.9,173.58,1.14,981.3,1008.68,263.92,62.38
640.5,0.0,0.0,230.58,0.0,1153.85,628.72,18.25,37.86
178.12,280.6,0.0,246.44,3.66,848.21,894.36,43.25,37.03
581.52,41.33,32.27,188.15,8.63,1170.51,687.84,127.72,57.54
246.76,231.12,161.42,291.14,12.78,1032.02,722.91,51.2,68.94
620.56,50.92,33.16,233.7,3.99,1009.85,845.03,321.65,66.5
149.57,224.36,0.0,248.27,0.0,982.77,820.62,105.25,37.17
585.06,370.61,178.17,190.02,17.6,1120.33,695.42,312.07,61.29
171.02,58.66,232.75,155.35,27.69,873.97,775.09,340.44,72.72
532.42,318.32,154.47,261.8,16.38,1095.18,973.46,167.51,63.67
254.8,246.33,28.58,172.14,16.09,980.45,977.25,157.18,26.85
280.6,0.0,144.33,238.51,5.61,1055.79,778.05,18.25,11.23
237.53,0.0,122.61,207.64,9.15,1023.59,924.92,29.25,27.19
498.69,92.64,110.08,283.37,31.41,1076.6,976.26,104.58,69.77
424.95,243.92,220.55,261.36,4.75,1130.07,781.46,299.38,36.27
583.54,176.03,220.04,242.75,13.68,998.55,616.51,322.78,58.71
572.4,20.33,121.73,225.78,35.97,1131.31,939.98,149.39,59.55
230.47,197.16,23.3,237.34,3.59,1169.29,825.28,311.38,73.51
361.12,0.0,130.17,270.11,12.81,840.21,798.36,43.25,35.19
505.63,338.42,172.49,148.65,28.57,1028.34,660.65,155.45,25.76
572.18,142.98,0.0,168.12,39.28,873.95,862.05,22.25,61.49
382.23,319.88,0.0,214.11,10.49,1073.74,627.49,22.25,47.94
196.29,336.71,54.1,173.42,11.51,1057.64,940.24,262.83,72.88
531.23,114.08,19.49,270.32,38.46,1055.46,668.0,210.62,71.44
371.21,119.02,235.44,193.24,14.43,1014.63,662.16,343.36,43.58
268.15,46.7,17.95,250.46,38.87,908.15,801.89,365.29,62.18
370.88,92.72,0.0,278.16,0.0,955.9,687.18,285.25,60.91
547.47,86.93,49.4,288.55,23.96,967.87,859.28,16.76,53.28
266.83,278.03,57.32,296.01,13.78,1075.36,992.99,312.55,61.6
258.76,0.0,148.35,219.97,6.95,1084.72,799.28,71.25,38.3
573.84,20.63,88.38,232.75,37.54,855.65,900.99,34.95,48.9
135.36,114.06,174.14,155.25,31.32,1166.96,670.63,87.38,72.1
324.52,136.64,106.14,217.16,12.2,933.33,764.1,43.25,44.15
292.43,124.78,157.03,284.14,30.77,1099.86,808.8,77.67,51.77
366.67,309.11,196.86,231.72,1.46,851.47,672.56,304.03,71.7
334.9,142.29,117.36,183.99,23.85,1010.28,689.19,117.23,75.44
516.32,386.71,177.92,194.13,8.44,1009.89,865.95,86.68,48.17
275.19,53.81,43.56,213.5,35.81,1173.96,712.7,21.72,72.55
649.8,229.87,224.99,281.44,12.25,1100.63,667.69,34.22,75.56
586.52,342.75,72.29,220.92,4.13,1041.37,610.86,19.57,67.21
242.29,161.53,0.0,234.24,0.0,1003.49,846.67,105.25,42.64
548.52,24.69,77.85,164.36,13.96,1028.45,924.35,79.17,71.27
165.33,49.07,136.94,211.52,24.61,933.49,897.22,87.56,63.55
542.77,274.98,115.44,171.65,9.07,856.73,650.24,92.16,50.3
225.64,375.19,127.74,225.52,14.52,864.21,870.14,285.32,66.05
610.0,0.0,0.0,244.0,0.0,1153.85,628.72,195.25,57.16
530.06,320.71,58.08,230.47,29.81,1032.28,984.21,203.93,36.63
556.4,356.35,194.41,256.23,32.16,965.72,972.59,45.88,69.94
515.88,172.85,129.8,270.38,0.19,988.42,951.06,267.28,64.53
260.47,0.0,212.52,194.22,14.27,1070.36,791.69,29.25,33.14
363.68,0.0,131.15,199.59,15.62,977.64,804.1,43.25,40.17
378.54,91.57,0.77,169.15,11.22,915.86,734.13,378.73,63.1
531.58,343.2,187.06,242.28,20.87,986.58,778.12,367.57,75.9
413.15,407.79,47.03,278.31,0.39,1155.25,726.03,86.91,52.79
491.91,277.0,219.08,233.47,37.31,834.75,951.87,309.08,49.55
548.41,371.78,25.36,264.09,8.69,1159.28,889.07,62.36,71.81
599.58,401.68,9.87,162.87,30.38,863.73,657.8,40.06,72.17
452.86,115.35,165.19,211.86,21.35,983.78,860.93,220.78,77.45
147.51,369.65,76.49,163.54,34.82,976.23,833.96,379.94,37.69
638.72,130.83,152.48,278.49,16.05,1147.51,911.12,126.14,52.95
307.2,0.0,121.88,178.24,15.13,1031.79,922.87,29.25,37.36
188.19,386.19,223.21,167.18,4.04,963.65,615.84,150.32,67.98
634.26,105.63,30.23,189.84,32.73,1004.72,929.76,153.87,42.49
283.13,314.3,49.99,284.98,12.55,1019.9,756.58,163.24,70.81
,,,,,,,,71.71
408.16,350.77,90.2,234.62,2.29,885.1,648.38,204.68,69.45
413.58,0.0,0.0,240.34,0.0,992.82,801.03,380.25,43.56
359.48,397.72,29.15,260.92,29.72,1063.14,682.74,93.51,72.85
401.15,189.46,197.14,172.72,1.22,1155.43,961.42,197.59,67.54
610.0,0.0,0.0,244.0,0.0,1153.85,628.72,43.25,49.38
414.6,363.05,94.43,248.32,3.35,972.14,806.36,295.43,68.97
341.17,67.2,72.14,231.42,6.69,1129.93,646.4,21.84,65.38
351.36,234.24,0.0,234.24,0.0,955.9,736.21,18.25,18.04
325.13,111.17,114.87,246.47,24.42,1015.22,809.58,223.63,24.1
429.33,218.93,215.23,240.79,0.31,953.24,722.66,259.77,72.84
280.56,42.18,182.75,257.08,18.66,912.41,756.93,274.99,53.26
486.42,69.19,119.62,178.84,36.46,822.69,887.01,220.9,44.71
265.93,432.77,226.32,149.72,14.93,898.16,713.23,74.44,61.6
347.12,38.09,8.31,273.36,32.07,970.09,866.71,43.56,58.91
556.65,260.05,193.61,273.4,12.18,1000.24,817.57,266.87,67.13
232.17,0.0,152.74,203.25,12.08,1106.67,819.38,115.25,37.59
508.15,120.17,111.5,225.01,19.68,889.38,842.73,154.02,73.08
405.21,275.83,111.56,254.13,15.93,1044.66,1016.28,50.85,64.92
296.97,217.34,116.07,253.71,36.96,1056.61,869.85,126.93,73.3
593.28,390.93,26.21,290.35,36.5,968.08,929.41,36.04,53.95
314.88,417.38,24.3,246.23,2.27,833.28,823.68,112.72,55.88
198.75,261.41,32.33,175.13,3.98,855.86,880.86,54.55,52.6
138.11,355.44,192.26,198.29,29.27,856.68,686.52,105.55,59.71
387.76,179.49,37.39,174.74,3.06,1106.11,895.36,25.17,67.67
491.05,319.98,5.4,293.87,18.84,1038.54,723.79,64.38,59.37
157.78,406.7,111.49,212.91,35.15,856.1,834.49,177.61,39.99
307.44,0.0,0.0,226.92,0.0,1139.49,804.1,22.25,12.85
342.62,278.21,219.24,190.1,34.23,1041.11,688.24,160.9,55.41
,,,,,,,,74.04
145.09,387.3,117.0,252.3,35.78,891.34,927.04,289.38,56.44
298.83,99.7,151.82,217.37,8.55,850.07,884.68,52.45,61.15
326.79,326.59,128.11,175.41,5.65,1142.78,1014.86,254.87,73.67
548.32,43.45,17.76,154.77,19.16,833.29,616.37,358.41,59.04
375.26,161.06,94.11,166.91,18.45,882.86,645.99,45.98,50.57
446.99,433.09,28.55,248.62,28.77,1113.14,835.16,358.2,48.55
232.65,0.0,152.99,197.76,9.52,1117.95,824.62,29.25,23.59
412.27,219.31,91.93,190.11,3.97,1137.47,718.66,231.14,62.49
338.23,80.75,223.34,225.92,38.67,846.08,961.23,27.18,51.19
328.87,339.32,105.0,168.77,10.53,880.64,671.91,88.89,65.58
193.09,286.56,84.12,178.01,0.77,946.84,929.96,293.22,78.98
386.64,80.47,197.25,178.34,28.98,944.71,762.71,65.37,25.81
140.99,427.94,234.51,251.8,9.06,927.43,665.31,147.53,77.25
202.93,163.58,22.12,287.72,36.88,1170.37,747.06,242.88,60.51
356.32,193.19,223.45,189.03,2.99,996.49,639.69,352.19,77.15
479.46,0.0,0.0,234.24,0.0,964.72,805.74,18.25,21.5
381.49,176.53,0.0,155.31,9.76,1025.33,843.28,43.25,49.86
236.67,196.72,5.14,299.8,39.24,897.91,697.8,281.58,57.84
317.18,428.42,179.36,201.2,30.89,1153.63,696.08,147.06,45.51
298.03,198.92,159.66,163.74,20.84,1075.46,894.16,373.94,43.0
466.22,382.86,174.42,232.11,34.94,1159.41,982.45,241.49,27.68
349.57,182.24,91.45,158.14,13.87,835.96,995.22,182.56,38.53
129.48,254.6,40.23,222.78,6.54,837.27,799.1,194.16,60.69
574.73,253.42,85.62,270.84,31.85,1031.8,713.88,125.76,65.52
446.77,422.48,156.62,294.81,29.4,854.11,868.62,148.03,64.29
300.12,98.0,47.49,229.99,14.21,837.31,953.42,108.91,64.29
449.54,329.2,18.41,228.22,26.59,1089.2,1012.23,235.89,54.84
642.39,299.79,58.1,155.71,36.84,1027.59,797.74,332.54,48.99
316.78,139.03,83.95,299.33,7.48,1113.38,841.42,305.64,79.65
546.81,353.15,128.52,182.9,21.1,1067.91,658.89,253.73,56.44
482.15,217.72,216.0,271.68,19.57,1089.21,876.61,60.02,63.99
188.7,388.87,21.14,185.17,21.01,1114.94,658.55,241.73,75.68
305.0,0.0,116.75,234.0,6.47,973.23,879.18,43.25,30.49
384.24,331.54,232.68,172.48,12.43,1137.01,877.04,277.2,54.19
360.7,244.58,204.13,269.67,13.38,1000.85,945.94,44.45,78.42
537.9,264.3,107.44,270.7,29.06,841.12,757.69,243.31,59.9
403.82,0.0,0.0,234.24,0.0,1051.28,842.05,22.25,19.53
290.36,0.0,0.0,226.92,0.0,1147.69,809.23,43.25,19.64
600.89,394.6,22.98,194.3,28.84,938.34,706.83,222.07,72.5
461.42,66.82,82.96,262.9,12.83,999.83,733.99,204.86,54.64
442.37,230.58,0.0,201.18,14.15,968.92,775.18,43.25,79.86
652.84,369.16,76.41,278.37,18.53,1107.4,793.24,60.76,75.26
535.58,215.94,0.0,226.92,13.54,907.59,726.05,18.25,44.02
618.13,171.78,35.84,270.79,31.68,1160.29,692.1,20.91,47.45
149.86,387.1,148.79,203.02,13.41,1111.62,921.58,238.09,60.52
621.74,23.71,32.84,183.89,13.69,981.18,744.89,348.61,64.03
607.39,324.86,236.37,231.37,5.09,1116.02,847.09,98.59,39.86
140.6,334.93,178.99,263.25,27.51,1156.0,933.82,241.43,74.25
193.96,244.61,115.52,193.92,22.93,1106.54,852.11,36.77,67.11
131.2,239.17,126.74,210.03,32.48,846.47,877.6,187.33,57.03
233.16,268.7,161.86,153.25,8.27,1120.57,796.48,319.93,64.42
214.07,171.73,51.81,289.5,0.96,1129.96,784.8,64.78,60.8
619.84,44.35,175.53,149.73,9.05,1000.83,680.27,71.57,67.73
352.99,24.94,184.83,212.35,39.23,927.22,944.18,64.64,80.14
349.42,170.48,97.84,282.96,29.3,914.0,911.49,325.36,54.82
529.76,76.77,33.77,260.44,29.36,910.81,954.1,237.47,62.61
203.74,91.99,203.74,200.08,9.64,1033.13,789.85,29.25,36.85
186.66,176.9,137.86,217.16,9.76,1027.69,706.67,43.25,28.63
486.41,121.42,112.72,268.77,29.84,1098.43,986.18,316.12,30.95
187.88,212.28,225.7,278.16,8.54,866.67,627.69,43.25,27.26
419.53,367.92,196.78,300.64,3.2,825.75,768.93,180.84,66.61
220.0,258.85,105.99,204.39,35.33,1109.24,989.95,238.46,56.61
382.23,176.9,0.0,217.77,9.76,889.44,845.13,43.25,45.84
579.35,85.95,75.77,251.4,12.45,979.46,702.04,296.38,77.32
650.31,8.21,121.42,243.86,6.93,927.81,789.86,145.61,56.69
296.33,123.66,219.8,250.18,5.48,991.27,1013.83,93.31,48.69
488.0,0.0,0.0,228.14,0.0,1051.28,764.1,22.25,33.76
568.59,347.23,10.84,234.6,23.46,1123.17,791.48,172.13,30.14
354.29,0.0,117.36,205.08,11.47,985.85,887.18,115.25,54.85
321.93,75.43,155.43,164.27,34.29,894.22,872.2,227.61,73.31
591.51,243.62,42.69,277.1,8.37,906.26,678.83,327.87,27.93
229.52,66.95,231.49,278.92,18.64,850.19,834.97,175.56,46.43
307.7,41.79,37.72,223.76,33.58,1118.07,681.77,346.9,41.94
249.27,312.78,4.32,176.34,5.35,1154.29,639.27,379.36,36.46
327.39,347.94,157.77,245.04,13.84,847.4,862.68,318.01,49.46
418.56,68.36,99.97,242.85,23.39,1135.62,887.65,52.62,47.4
225.42,396.9,225.47,206.57,21.47,1162.44,816.88,136.19,45.53
440.9,123.44,234.03,263.7,21.77,1002.79,765.42,360.31,63.04
155.53,375.65,36.75,211.37,29.73,1029.88,711.95,174.95,65.4
132.26,62.53,17.9,161.36,31.62,1126.72,619.31,16.66,64.22
289.68,432.22,44.1,272.53,36.01,1031.55,660.57,226.31,74.09
,,,,,,,,71.71
417.81,138.5,12.44,220.57,6.05,1169.65,902.77,378.76,54.69
532.38,193.66,107.55,244.72,24.89,1049.94,921.77,259.4,54.56
481.27,319.14,182.95,254.06,28.45,838.55,825.54,194.15,53.77
222.55,137.88,101.47,156.19,28.24,1096.47,629.46,319.22,65.92
133.8,20.09,135.59,168.41,30.76,849.6,753.81,40.43,77.12
174.34,7.36,189.32,184.84,6.09,983.71,719.43,359.22,70.91
285.24,0.0,115.41,241.44,5.61,971.28,874.05,71.25,30.98
658.67,224.47,63.09,254.06,29.35,992.62,871.71,164.92,74.05
600.57,371.6,197.38,240.91,17.57,1036.0,832.18,211.32,54.93
638.15,418.1,53.13,218.25,30.02,1164.54,643.57,97.63,51.37
320.59,411.54,21.84,293.96,15.65,1020.28,807.55,209.66,65.24
318.67,388.27,143.6,290.14,4.64,1063.17,762.15,312.17,68.97
194.84,141.91,54.59,269.14,2.12,1038.71,702.36,339.47,60.39
418.76,361.76,32.93,250.55,5.16,846.29,740.8,313.2,72.08
651.88,377.36,118.71,207.84,9.24,1011.32,691.79,300.17,64.83
599.08,265.22,64.24,248.26,8.55,985.44,631.4,321.59,42.14
464.05,327.72,56.67,215.15,32.29,1006.21,971.18,157.0,70.63
439.78,18.4,5.56,166.18,16.52,954.83,978.03,252.7,56.55
302.69,422.38,116.86,224.36,33.66,976.09,841.02,284.02,61.74
395.87,419.14,147.88,246.0,37.74,912.36,916.52,147.76,64.66
448.67,12.9,134.88,228.23,38.05,973.8,666.61,295.07,57.22
259.22,377.34,48.76,250.95,20.46,921.67,986.32,63.62,28.46
306.51,190.88,126.71,232.02,30.23,894.66,732.26,283.81,56.28
307.93,304.35,23.27,224.12,32.5,1052.33,908.92,231.75,72.41
494.72,214.32,136.61,270.35,2.09,1049.51,925.84,255.87,55.09
190.4,223.83,33.23,238.86,13.79,938.45,705.66,80.09,71.54
542.09,272.73,211.24,184.04,31.21,1075.16,959.63,180.15,43.16
252.14,184.13,27.81,222.46,36.33,1072.78,638.2,321.81,58.35
297.89,151.41,183.5,209.53,8.98,985.51,948.5,192.73,73.9
508.87,146.12,149.8,182.28,28.58,1162.86,922.96,148.05,52.06
550.44,412.6,236.21,284.66,37.38,990.47,882.69,62.51,73.71
468.8,369.3,25.5,207.65,6.15,1117.13,1014.3,182.33,59.67
268.16,260.78,144.05,253.75,20.71,1068.3,697.3,277.99,60.84
177.89,198.19,198.17,246.61,9.66,844.58,899.69,174.05,73.19
462.63,207.03,50.94,281.1,9.34,1039.04,902.41,276.19,66.81
244.0,162.26,0.0,234.24,0.0,990.15,826.87,105.25,48.44
554.52,118.7,147.25,290.14,16.6,1032.74,942.71,162.59,66.62
234.26,258.83,178.36,173.46,32.39,907.88,643.64,259.33,56.5
381.86,196.42,0.0,217.16,12.2,940.51,778.46,43.25,58.73
299.45,368.85,122.26,289.49,8.17,1152.57,798.41,321.66,40.77
320.68,377.8,12.01,180.19,22.24,999.3,936.27,259.94,41.47
413.82,0.0,0.0,226.55,0.0,1096.62,773.64,22.25,23.72
403.82,207.4,0.0,237.9,9.76,831.79,822.56,43.25,63.4
548.49,254.11,37.46,159.4,16.93,1151.28,781.06,279.33,55.37
500.02,179.31,55.27,215.72,37.38,1044.08,1017.63,348.75,70.32
306.71,0.0,144.33,235.34,7.08,1070.36,773.64,71.25,43.98
544.12,29.28,96.38,197.64,14.15,991.79,730.26,71.25,61.88
518.09,186.71,141.69,292.25,36.97,1031.06,894.35,337.46,67.78
301.1,0.0,152.62,174.83,14.64,1114.67,821.44,71.25,67.56
211.06,141.52,0.0,234.24,0.0,971.08,878.77,22.25,12.76
455.7,424.16,16.29,212.03,19.77,1120.89,948.16,262.27,43.61
424.51,9.03,28.19,168.23,29.07,1046.19,915.89,101.95,61.11
466.04,0.0,0.0,225.7,0.0,1073.85,757.95,43.25,41.91
515.51,289.77,209.89,164.19,6.07,1043.32,625.14,338.43,84.12
412.5,49.22,71.15,190.31,34.11,910.38,927.99,229.65,74.26
634.68,49.48,24.12,270.73,4.72,844.01,630.45,193.35,76.56
377.16,396.78,18.68,158.46,37.46,849.33,996.31,313.93,72.17
520.33,412.94,93.06,167.98,36.19,959.9,684.84,262.34,74.51
199.88,63.03,115.18,224.34,10.36,1069.59,746.76,120.21,50.4
475.26,400.33,14.28,184.28,22.12,877.2,723.09,119.99,43.39
621.99,104.98,111.12,295.48,26.82,1044.74,825.83,91.44,77.33
309.88,0.0,0.0,241.56,0.0,992.82,885.13,380.25,33.36
279.47,209.71,186.44,256.55,39.15,1012.59,1017.62,362.37,80.75
529.76,307.08,163.21,281.92,1.06,1160.85,917.44,207.11,79.85
,,,,,,,,69.57
431.33,297.4,235.15,237.24,4.28,864.5,938.93,338.7,52.73
129.7,353.24,193.3,295.6,29.1,1040.22,624.6,373.67,56.63
372.76,265.91,19.28,228.86,38.11,1150.53,642.77,221.52,63.88
174.81,260.31,207.84,275.98,30.87,1023.08,628.98,21.56,66.31
317.16,64.18,133.66,257.05,0.81,1011.63,1007.09,151.81,34.45
268.02,144.8,101.33,295.5,8.34,893.73,845.75,57.64,67.58
258.64,172.39,0.0,248.27,0.0,998.36,769.23,18.25,7.63
369.4,418.28,119.39,277.52,38.98,924.05,656.59,373.57,51.42
277.73,104.3,187.92,253.95,27.72,1162.2,613.84,113.27,52.52
650.25,20.89,64.18,165.74,2.42,1170.99,971.02,34.25,52.27
135.24,231.32,234.72,214.26,13.98,1105.46,711.77,319.24,68.63
170.31,255.47,0.0,234.24,0.0,1073.85,827.59,375.25,50.06
173.07,381.69,67.1,195.05,23.67,934.17,913.06,250.49,59.08
415.74,249.8,105.05,228.33,27.8,896.14,957.03,162.87,60.48
183.85,0.0,226.07,203.37,19.03,1102.05,695.38,43.25,15.08
207.77,189.71,0.0,226.55,0.0,1052.92,742.87,22.25,12.02
437.18,298.53,198.41,238.2,33.2,996.06,770.0,106.52,69.85
453.85,196.56,199.99,223.37,5.96,858.3,948.18,35.5,76.2
553.31,325.61,23.73,270.66,3.06,968.62,620.19,69.09,53.99
244.85,299.61,237.18,249.83,24.7,909.15,906.6,64.92,63.75
629.89,31.76,43.23,208.06,4.42,906.73,698.08,265.42,15.66
186.44,369.81,186.78,211.65,19.86,873.44,740.7,226.47,63.09
372.63,13.91,86.88,197.99,19.22,947.86,815.84,25.18,67.42
515.28,420.75,215.16,220.16,37.27,1026.35,915.14,88.73,73.74
246.43,296.64,207.81,159.59,28.36,994.33,878.98,180.71,53.66
567.22,10.04,12.74,175.6,22.56,1007.14,957.97,221.69,67.37
260.66,178.77,194.12,252.73,25.9,1121.16,993.18,184.9,65.58
347.61,369.79,114.34,289.25,25.07,917.18,1000.18,116.38,80.71
524.66,257.36,218.2,216.75,9.52,972.82,683.82,221.84,52.78
389.77,199.32,133.74,171.12,16.83,1008.59,770.79,299.85,61.76
136.94,365.33,9.37,231.64,19.31,868.44,757.58,181.22,51.63
215.45,276.37,150.56,297.7,19.35,1122.8,921.62,68.28,35.93
217.77,247.34,218.79,216.16,24.97,825.14,855.76,286.75,63.63
551.9,163.32,157.17,260.66,12.28,937.63,1013.02,81.5,67.44
645.64,54.01,88.6,210.14,4.32,1030.46,849.01,169.01,69.81
595.35,306.72,104.25,259.93,8.35,1036.88,684.61,147.55,54.84
646.48,389.78,56.44,259.84,17.86,1060.51,1007.55,174.33,41.67
421.06,280.06,137.56,233.69,26.31,1143.26,970.3,139.81,46.82
658.3,223.1,215.74,239.45,27.24,867.64,844.42,50.26,67.85
319.42,353.04,140.16,298.03,22.81,974.57,934.37,360.84,77.38
313.5,312.29,8.96,156.12,3.99,957.93,745.33,118.72,68.09
529.72,344.38,118.15,295.14,5.28,1129.64,891.15,62.26,68.53
515.97,54.01,105.24,277.38,23.99,860.52,1010.56,251.51,42.91
490.98,149.66,21.22,221.41,12.76,993.76,763.68,282.67,51.52
293.31,251.07,110.95,234.03,15.92,910.17,632.89,238.19,69.23
236.74,249.81,126.83,241.5,5.46,1152.21,870.67,293.25,36.01
493.49,263.57,23.06,155.19,21.66,889.06,696.54,325.32,68.45
528.39,366.95,209.3,287.44,25.57,835.39,850.24,160.7,69.52
428.13,291.74,99.29,289.18,9.75,887.2,844.38,315.26,72.07
490.2,115.53,0.0,179.83,13.91,971.08,873.95,43.25,76.72
326.08,168.54,198.62,174.76,12.27,958.61,870.69,175.39,47.1
444.09,44.72,193.19,160.15,30.35,823.48,943.51,194.12,76.57
162.26,244.0,0.0,234.24,0.0,951.18,860.72,22.25,15.3
441.48,270.12,231.63,240.84,33.96,1040.33,724.88,200.72,51.93
226.13,221.91,237.93,298.24,33.23,942.1,667.24,281.55,49.6
196.77,348.01,23.54,242.95,25.99,982.73,809.31,103.82,37.24
460.73,288.23,109.23,219.36,17.85,895.58,682.42,100.92,40.75
448.27,268.75,72.99,256.13,18.82,1088.45,915.62,59.08,66.96
513.17,347.8,167.9,149.09,9.93,1110.64,861.0,147.89,75.35
527.71,151.65,144.3,288.51,16.25,926.11,752.24,57.18,58.64
553.15,233.26,105.66,284.03,36.21,1063.37,773.33,263.67,63.3
590.43,102.54,203.62,172.74,23.86,968.3,987.35,235.22,62.26
235.1,343.79,115.2,232.44,23.4,1092.57,662.72,243.86,65.29
352.59,129.42,45.62,206.37,23.66,1007.77,946.65,234.28,58.38
171.91,140.33,217.11,257.84,25.09,898.59,925.43,77.14,53.77
385.53,283.99,129.76,178.42,31.37,1101.81,764.35,37.34,76.91
290.62,230.34,103.89,244.63,28.81,833.93,759.41,33.86,76.47
,,,,,,,,54.91
346.44,407.14,53.74,162.99,19.27,989.35,998.66,367.11,71.42
291.37,101.5,161.39,180.1,35.35,1041.73,698.68,68.14,53.32
376.73,366.19,193.56,197.78,10.54,937.07,936.83,158.53,51.83
551.65,286.39,7.92,191.72,12.42,936.17,944.69,176.59,58.11
164.33,0.0,202.15,219.84,12.2,985.64,825.54,43.25,14.88
463.55,335.3,158.5,273.66,3.71,899.04,863.54,253.9,69.05
372.81,414.03,110.9,238.85,22.88,918.53,788.64,181.65,35.29
223.23,134.76,23.5,289.99,2.55,836.86,943.67,308.36,72.17
230.31,319.87,155.63,250.64,18.64,1078.31,864.23,219.69,72.33
,,,,,,,,67.17
619.06,427.91,145.96,231.63,7.07,1088.76,941.97,20.81,54.52
301.1,0.0,152.62,174.83,14.64,1114.67,821.44,43.25,58.8
187.34,71.51,5.97,278.27,14.09,840.95,629.78,223.03,74.61
338.18,119.32,29.89,196.05,13.66,1088.92,802.56,71.25,74.84
332.82,128.22,99.8,255.83,10.98,927.18,697.13,43.25,41.63
332.57,0.0,109.31,242.41,12.93,955.18,781.74,43.25,36.12
443.55,144.96,47.5,167.48,28.22,1072.15,819.95,31.23,76.47
363.53,170.39,105.65,194.54,30.96,893.83,624.85,51.46,53.94
305.92,414.0,217.45,294.15,18.16,905.59,1005.06,95.34,64.17
345.11,257.05,225.66,183.02,7.34,921.88,749.17,36.06,58.06
526.26,15.01,130.26,268.09,5.84,970.33,793.22,242.28,70.51
397.81,187.31,102.16,227.6,36.76,907.79,637.7,30.21,49.96
570.23,250.59,193.19,280.8,3.1,944.0,791.42,151.36,57.2
406.12,358.75,39.96,234.74,31.52,1016.13,970.66,309.88,57.11
500.13,257.42,80.39,284.53,13.21,947.61,878.73,171.07,54.88
572.69,223.22,157.61,216.18,27.55,822.54,858.96,196.23,64.04
175.85,354.76,69.17,213.07,19.99,934.18,667.65,74.55,58.3
648.19,0.0,0.0,173.0,34.4,873.95,916.62,22.25,52.53
177.38,51.2,183.63,277.77,7.27,1073.79,879.64,190.37,49.93
370.39,170.68,0.0,260.47,7.56,918.46,741.03,43.25,37.43
373.13,95.76,41.15,270.35,11.72,950.46,861.45,268.18,63.98
180.68,0.0,166.65,192.88,19.64,1027.49,851.38,43.25,20.12
585.21,178.95,129.56,203.72,2.2,936.66,1010.45,106.18,52.25
164.03,56.01,54.25,261.13,37.12,975.45,833.14,111.74,41.95
570.26,54.66,49.74,162.43,28.28,1087.77,788.38,363.83,54.04
378.2,0.0,0.0,234.24,0.0,1037.95,851.28,22.25,19.31
172.39,258.64,0.0,248.27,0.0,996.72,767.69,105.25,44.42
510.68,22.41,211.02,185.21,33.86,870.74,823.33,143.39,75.3
472.14,24.4,114.68,191.54,14.15,962.05,866.67,71.25,68.84
609.92,92.98,162.94,241.9,13.11,943.67,796.39,163.04,45.82
499.51,370.35,169.89,216.46,12.18,855.24,874.68,319.79,45.7
475.59,90.93,110.5,232.38,28.51,1079.6,672.56,89.18,43.57
418.34,322.75,167.09,288.21,23.91,1136.82,922.31,244.11,56.54
600.13,13.37,241.61,186.48,38.84,927.35,811.39,312.43,49.44
207.15,300.06,3.47,206.01,7.46,858.57,1009.56,337.25,54.11
308.37,270.81,44.18,200.79,32.78,908.11,649.75,95.2,68.74
629.33,59.95,221.0,220.85,26.46,1121.03,894.64,320.12,73.15
242.29,161.53,0.0,234.24,0.0,1003.49,846.67,375.25,49.62
466.39,95.08,127.43,291.05,10.26,942.68,981.9,312.12,60.67
262.85,147.26,168.28,230.55,2.52,966.31,837.03,315.88,29.63
505.47,1.83,184.74,206.16,32.04,984.12,702.0,147.83,79.91
517.28,26.84,161.04,217.16,10.37,904.62,769.23,18.25,35.85
234.71,316.94,34.44,299.55,29.26,852.07,682.49,138.47,76.81
174.32,109.75,105.96,267.73,6.43,1083.16,661.73,57.66,59.11
236.33,198.66,135.56,273.5,22.93,1078.15,697.11,361.55,65.42
642.55,37.22,168.13,184.76,33.97,1120.87,907.46,48.27,67.77
204.05,158.63,39.0,247.82,27.81,1030.68,800.51,344.96,73.93
363.76,94.57,7.98,297.7,30.93,1033.95,937.57,86.76,78.6
320.71,162.4,4.84,253.37,25.49,1097.29,691.88,28.4,16.46
389.93,102.24,216.49,249.17,30.68,888.19,899.77,72.61,68.66
490.49,358.38,38.24,265.26,3.94,866.35,706.62,242.11,75.99
230.89,78.6,156.61,291.49,16.5,891.22,908.9,257.02,51.17
252.98,125.08,29.39,199.43,8.21,821.73,931.29,207.28,71.41
,,,,,,,,79.62
307.44,0.0,0.0,225.7,0.0,1139.49,804.1,43.25,22.05
596.8,107.61,29.62,183.85,7.02,1093.15,1007.79,258.66,74.57
194.03,146.79,33.05,271.75,30.9,944.68,797.98,84.16,36.59
159.39,277.03,0.43,248.46,10.97,847.94,671.52,111.46,69.59
441.15,125.98,203.29,215.69,17.48,1162.47,613.47,144.75,58.94
244.0,0.0,0.0,219.6,0.0,1153.85,866.67,22.25,8.78
184.16,47.99,76.73,281.38,30.44,1164.79,996.28,137.97,69.72
245.73,202.22,200.6,165.48,26.25,866.83,786.02,17.55,65.9
421.81,386.44,158.56,249.07,4.94,1105.4,959.1,202.06,64.31
500.4,292.65,138.25,271.0,28.53,1161.68,859.38,251.87,52.28
208.4,219.13,146.77,268.98,6.0,1122.15,696.84,38.1,52.82
297.69,10.94,85.09,194.14,37.78,1124.44,935.55,52.57,40.92
463.17,220.14,209.79,205.79,5.35,1067.84,1014.6,262.94,74.94
622.96,314.02,197.36,209.88,28.45,912.38,651.1,179.33,48.28
365.76,0.0,146.16,258.03,12.08,900.72,746.26,43.25,26.7
578.41,15.32,204.64,161.28,32.07,878.67,885.47,120.1,53.62
140.7,227.76,208.21,236.41,9.94,945.76,765.81,190.01,72.7
275.62,207.03,83.62,187.42,34.07,1163.75,734.31,69.38,72.09
357.98,322.74,143.11,279.32,1.03,981.98,881.3,88.92,76.44
461.74,23.99,109.29,208.27,15.08,1153.83,725.98,38.32,60.36
469.7,0.0,0.0,226.92,0.0,990.77,782.56,16.25,7.02
,,,,,,,,63.8
137.19,334.58,83.76,227.87,30.82,987.48,941.58,48.95,46.2
609.12,398.38,152.24,292.8,30.59,1015.02,964.33,121.63,55.5
518.81,215.89,85.38,210.19,4.13,901.59,745.08,45.67,69.04
370.91,19.64,98.36,222.6,29.61,910.81,875.23,213.81,36.26
433.72,134.16,54.69,254.2,26.16,909.07,736.4,104.76,73.41
362.85,262.14,2.45,210.31,34.81,1025.28,1003.27,242.64,53.09
491.13,259.35,130.6,263.04,18.66,840.34,826.69,127.33,47.91
587.62,289.71,27.14,159.59,16.74,1012.09,863.22,195.16,47.99
578.58,120.05,183.93,213.6,38.03,1077.51,1003.38,309.91,71.05
392.84,181.78,0.0,226.92,9.76,975.38,727.18,43.25,58.71
652.38,176.15,238.91,218.17,39.08,988.66,803.43,208.95,61.18
378.2,0.0,0.0,234.24,0.0,994.87,871.79,43.25,31.27
656.71,68.5,76.47,290.0,23.26,1073.2,663.84,358.64,65.64
197.01,160.91,36.67,168.96,31.4,1162.3,978.6,110.53,42.63
522.59,154.09,119.0,225.69,38.04,842.63,629.59,142.85,56.19
248.27,165.55,0.0,226.55,0.0,1103.79,778.77,22.25,13.4
374.33,391.06,229.25,273.03,5.19,1096.74,881.82,179.85,70.11
210.9,230.24,60.26,287.45,31.47,939.01,971.43,274.72,44.31
514.81,161.23,208.81,252.59,28.14,1099.3,918.49,230.74,74.8
149.57,224.36,0.0,248.27,0.0,982.77,820.62,22.25,11.59
518.5,129.69,0.0,187.27,20.13,873.95,909.85,18.25,37.41
144.85,35.52,224.47,232.69,14.05,1159.74,789.06,163.74,57.75
308.82,372.48,6.11,189.82,38.05,891.8,951.39,153.17,56.84
159.23,113.36,71.39,157.16,26.27,947.32,687.55,41.37,71.05
487.01,170.81,182.58,261.16,1.31,977.68,785.18,169.47,39.32
466.04,0.0,0.0,226.92,0.0,1073.85,757.95,22.25,26.88
600.0,125.41,56.9,282.25,1.39,1056.29,911.11,234.37,36.31
585.6,0.0,0.0,234.24,0.0,960.21,730.46,18.25,27.33
174.3,131.33,124.8,207.88,35.08,1111.83,956.61,196.2,57.1
230.04,349.53,86.37,241.47,24.03,873.44,1001.52,216.0,75.72
642.75,68.6,34.92,299.16,3.1,992.17,868.08,325.38,59.29
329.51,52.04,242.53,194.0,25.3,1121.14,873.58,379.74,65.67
518.5,129.69,0.0,187.27,20.13,873.95,909.85,43.25,67.52
373.47,217.05,129.08,176.15,6.26,922.03,919.3,368.26,53.31
443.0,177.37,198.35,191.61,8.47,959.54,838.54,80.82,74.91
236.78,331.08,37.05,235.33,12.57,986.22,690.57,247.02,65.59
187.52,317.3,87.76,215.22,32.28,966.53,653.47,37.7,78.1
592.17,214.27,68.74,168.03,3.94,1021.86,942.75,288.76,69.63
170.85,148.84,215.24,223.43,5.48,1130.19,870.05,58.82,57.84
650.59,87.63,88.61,215.34,11.1,910.92,840.28,248.78,39.71
176.44,126.72,62.34,256.99,13.6,996.8,798.14,326.45,51.12
466.72,242.34,120.32,294.09,25.59,1045.52,743.54,198.59,73.39
369.73,410.14,85.57,216.56,26.4,1076.33,763.19,304.1,63.05
183.97,259.36,78.8,256.48,23.74,936.6,1014.61,137.54,74.87
392.7,82.03,38.71,238.76,29.53,885.67,840.55,42.23,40.73
281.44,136.84,51.26,166.26,11.2,926.61,641.97,165.32,40.82
336.61,336.53,72.25,297.98,16.05,914.59,918.69,142.43,52.56
199.81,416.9,147.51,242.92,9.69,839.52,630.16,150.31,29.84
324.5,303.2,239.07,187.77,23.81,851.83,704.13,250.69,69.76
560.41,22.58,78.38,286.49,38.26,1089.51,967.18,64.24,58.35
201.62,418.69,127.05,298.69,33.9,1124.87,661.42,289.37,46.15
575.35,95.29,197.88,258.43,0.35,987.55,705.37,274.0,74.45
534.7,410.72,239.04,233.92,19.66,948.49,820.88,63.53,39.51
507.66,412.15,25.32,279.84,10.19,1042.41,947.39,352.96,74.55
522.41,314.17,207.58,157.29,6.51,941.08,625.69,211.78,49.64
204.47,149.48,231.26,199.33,29.37,988.08,886.46,230.12,43.08
501.81,166.11,30.44,258.09,16.1,999.02,917.36,312.79,74.05
362.09,367.28,3.05,168.04,20.17,1141.17,733.17,266.59,47.53
286.29,404.88,80.45,214.78,25.54,1008.44,937.64,329.18,51.94
208.34,66.63,165.82,155.48,4.05,1003.05,638.0,295.33,67.6
301.53,386.92,156.23,211.29,25.22,1125.03,901.92,93.74,50.02
359.74,143.19,50.56,282.41,19.07,1018.77,860.4,288.29,71.84
541.54,59.09,232.63,256.68,11.1,978.87,1000.22,31.57,73.0
244.0,162.26,0.0,234.24,0.0,990.15,826.87,43.25,34.09
634.33,373.3,159.2,232.99,0.04,1072.55,962.27,273.69,26.59
387.39,15.92,31.54,212.75,25.66,903.31,715.57,235.09,65.28
361.07,275.92,5.43,285.44,36.02,896.32,771.04,209.65,64.72
540.66,401.74,189.77,274.91,27.2,996.41,641.59,295.85,58.39
208.76,396.07,6.62,193.57,32.24,879.72,758.55,85.56,50.93
237.53,0.0,122.61,202.03,9.15,1032.21,929.13,18.25,13.94
203.69,114.81,136.65,208.4,14.14,1110.33,932.18,233.58,68.7
564.5,26.48,171.59,226.51,34.35,1015.0,908.02,105.5,71.07
194.1,227.77,0.0,214.23,13.79,1014.97,809.13,43.25,36.7
162.26,256.2,0.0,239.12,3.66,973.33,815.38,43.25,34.75
151.87,171.62,53.18,156.92,1.42,860.07,644.89,263.85,38.25
373.86,188.48,65.13,228.4,9.31,907.42,803.82,143.8,64.15
549.74,239.01,201.86,275.58,36.02,842.03,767.04,117.16,64.12
134.14,26.34,100.04,149.99,10.55,976.02,642.39,150.2,64.28
232.17,0.0,152.74,203.25,12.08,1106.67,819.38,18.25,14.06
260.81,73.21,145.79,230.9,20.36,907.31,756.78,203.16,47.94
210.33,16.59,210.33,191.3,5.0,1032.1,878.36,43.25,37.73
641.31,297.42,74.38,171.31,24.74,959.66,870.85,124.15,63.18
180.56,213.5,0.0,208.62,2.44,1025.64,849.23,43.25,30.15
582.08,180.65,179.71,224.83,37.71,1107.43,857.63,129.57,64.39
359.81,195.79,96.36,151.15,23.65,1073.91,635.41,253.82,62.24
188.86,223.75,0.0,235.83,11.1,899.69,889.95,43.25,26.64
200.35,214.97,63.17,243.15,14.22,1099.53,818.18,277.87,71.44
417.08,9.05,173.36,204.24,23.45,1038.66,905.87,145.29,65.88
274.28,384.63,15.99,227.25,3.58,1062.11,812.8,20.47,70.89
415.13,240.64,41.68,204.39,15.77,1038.73,993.52,131.5,45.37
589.53,205.06,171.04,242.04,17.28,1048.67,775.24,226.53,61.19
299.26,290.46,155.87,218.93,0.94,865.29,864.97,53.32,66.65
227.59,45.83,83.33,297.75,21.32,1142.65,747.84,245.3,71.96
320.12,379.5,44.94,194.59,36.69,897.57,827.23,109.6,56.89
318.3,122.61,95.53,244.73,10.49,886.67,781.03,43.25,36.29
335.45,137.1,167.87,284.76,24.57,912.97,923.77,316.28,78.38
275.44,312.01,31.39,218.39,2.31,900.41,848.6,286.85,57.39
388.94,259.25,0.0,189.95,17.45,873.95,902.97,18.25,28.22
287.92,191.54,0.0,234.24,0.0,997.54,768.31,105.25,53.51
,,,,,,,,49.56
562.61,225.08,114.5,259.65,5.53,973.59,900.63,124.86,81.3
620.37,247.15,208.9,281.48,38.26,1135.85,914.94,141.43,73.19
510.04,337.68,22.63,180.39,35.22,1165.26,967.32,331.96,54.58
347.55,162.55,229.96,292.36,13.31,863.65,985.71,27.14,55.45
578.47,179.32,3.56,201.87,37.52,1014.92,841.9,322.99,64.0
531.94,161.58,102.41,283.22,32.09,992.16,733.36,260.7,69.8
270.8,8.64,181.79,259.08,7.84,850.82,974.39,264.24,73.03
580.27,82.29,150.23,234.09,32.04,824.72,845.07,195.27,73.85
631.65,318.95,36.84,181.46,13.81,965.03,709.07,137.14,70.7
591.29,282.5,194.64,181.0,27.79,970.04,879.56,166.38,60.2
202.33,187.49,12.3,286.13,13.35,1108.13,625.17,246.27,67.9
341.55,19.7,147.84,238.14,15.18,988.34,737.27,85.55,51.68
437.04,265.38,164.77,237.01,19.92,911.56,715.3,101.25,70.01
275.13,50.76,4.66,275.7,16.96,845.13,698.79,51.65,56.34
204.96,51.36,199.84,148.6,6.95,1085.85,800.1,71.25,36.79
,,,,,,,,66.35
474.09,118.46,0.0,192.64,14.76,873.95,949.44,106.25,64.51
502.46,311.69,88.35,233.26,32.21,1064.94,919.09,99.58,59.26
499.32,134.5,231.62,247.8,35.96,832.81,770.22,363.97,72.49
352.58,0.0,0.0,234.24,0.0,936.62,918.26,18.25,13.05
581.68,254.72,20.16,272.3,10.37,1155.32,857.84,59.69,67.47
171.63,39.13,56.17,220.49,9.38,961.67,792.03,117.38,73.69
331.94,161.73,74.66,207.31,25.79,893.72,835.93,137.92,60.7
451.61,79.11,97.43,244.76,15.73,992.99,857.6,71.65,82.26
612.09,108.87,22.14,255.42,37.71,947.07,700.43,277.7,65.18
381.86,0.0,0.0,217.16,9.76,1025.64,843.08,43.25,28.11
585.6,0.0,0.0,234.24,0.0,960.21,730.46,43.25,49.21
,,,,,,,,72.86
313.2,2.43,25.19,220.5,14.84,949.55,697.65,203.82,81.43
294.02,263.17,157.6,195.65,1.49,828.89,749.96,39.96,58.42
217.16,158.36,144.69,219.48,4.39,1033.13,765.95,71.25,54.42
442.31,165.16,225.07,186.11,29.03,858.85,761.73,178.91,65.78
433.74,422.12,67.55,181.73,29.27,1083.82,976.65,181.1,71.29
441.19,12.68,103.63,276.19,28.38,984.49,611.48,136.43,57.88
342.98,2.46,233.91,219.33,3.63,1113.06,832.19,209.98,51.88
258.64,0.0,152.26,193.98,9.52,1113.23,820.0,71.25,50.49
370.74,207.14,62.05,291.96,24.59,861.96,652.45,149.21,75.39
451.47,285.28,125.48,175.11,36.31,1045.75,650.75,37.0,80.29
585.31,398.34,47.23,242.17,32.97,945.15,936.21,289.78,50.76
427.0,0.0,0.0,247.66,0.0,998.97,794.87,105.25,35.11
378.99,399.62,83.24,207.36,24.37,861.43,816.27,239.05,22.04
394.42,283.79,162.92,254.14,29.6,899.79,882.2,233.79,70.77
306.71,0.0,144.33,229.97,7.08,1054.77,777.13,71.25,41.41
492.5,24.48,230.36,280.31,31.23,885.59,871.85,19.89,59.42
236.13,372.32,32.93,236.4,34.27,1055.28,853.77,166.5,73.96
195.68,104.9,1.25,247.9,0.79,985.53,637.9,25.84,79.48
399.05,370.03,94.17,264.44,13.59,1104.67,756.04,211.22,55.09
599.02,31.72,150.06,245.22,4.76,843.08,716.92,71.25,69.28
539.24,151.47,14.17,262.51,30.3,882.02,839.78,71.93,72.63
589.28,118.91,200.68,184.15,0.3,1118.21,807.22,147.92,52.78
560.84,73.89,138.57,168.87,3.88,930.37,651.17,301.83,67.81
656.17,39.12,121.73,167.55,11.37,934.01,615.7,163.91,68.15
290.36,0.0,0.0,226.92,0.0,1147.69,809.23,22.25,13.5
233.57,340.44,27.13,184.18,2.25,1160.57,925.79,71.38,52.84
354.39,28.76,234.29,263.32,5.45,1015.11,640.4,319.73,63.93
282.22,194.02,211.03,226.72,35.65,1048.01,949.97,163.42,55.17
513.66,42.67,159.15,275.79,0.12,1129.29,725.08,205.16,68.28
269.26,329.07,164.95,231.56,30.82,829.85,857.17,343.34,69.39
557.58,316.5,4.73,284.79,2.76,847.56,772.46,292.69,55.41
379.68,16.65,221.07,255.84,34.99,907.4,943.64,302.7,46.26
176.31,327.09,121.59,206.38,18.25,1039.43,961.72,62.14,57.55
591.82,265.46,98.88,155.77,4.54,1092.88,692.5,259.08,66.51
190.52,278.49,47.46,224.37,17.15,896.63,704.54,227.97,47.94
383.08,177.27,138.1,218.26,9.76,891.38,707.9,43.25,51.78
360.75,0.0,116.63,209.23,10.86,979.59,881.23,43.25,44.73
474.94,278.19,119.39,171.32,25.52,891.15,632.23,102.03,44.25
417.06,244.28,134.52,170.46,34.23,1049.59,662.77,134.88,68.4
331.0,413.01,11.43,263.5,15.81,933.75,703.89,115.23,65.71
358.63,124.03,22.02,162.55,34.31,960.08,719.79,84.4,72.8
536.35,109.49,67.22,235.65,9.34,955.95,734.68,228.15,64.08
287.92,0.0,0.0,235.46,0.0,992.82,907.69,22.25,11.19
403.44,388.19,216.24,204.58,26.89,1168.59,689.81,147.7,53.1
260.84,119.68,29.89,221.67,8.17,1093.33,805.64,71.25,52.79
500.22,85.29,8.3,276.23,20.04,941.44,761.82,183.31,24.57
282.8,0.0,148.35,212.28,8.17,1083.49,798.46,43.25,37.78
442.84,316.46,0.98,252.92,31.2,857.39,633.02,55.89,77.31
132.41,137.94,36.54,163.77,17.58,1106.9,895.64,374.28,70.47
340.87,103.01,146.0,251.36,28.42,865.45,615.3,318.22,61.16
388.94,259.25,0.0,189.95,17.45,873.95,902.97,71.25,74.03
315.46,152.25,41.75,168.34,24.68,940.7,1012.46,97.1,55.52
271.44,317.53,49.19,201.79,20.48,1032.97,947.06,222.6,67.35
211.21,316.06,3.46,177.81,20.0,1041.75,677.35,260.07,54.95
,,,,,,,,58.72
248.89,47.75,38.45,200.28,31.4,1116.67,830.03,28.27,48.28
540.4,48.4,41.23,184.24,4.14,875.14,983.03,321.77,70.44
432.21,234.8,177.85,285.01,28.82,848.73,729.97,302.53,57.57
306.36,26.1,153.82,262.93,26.81,992.73,761.83,353.94,66.61
324.03,34.43,91.57,245.51,35.88,915.53,963.03,148.71,72.75
509.52,69.32,217.06,151.3,25.95,968.58,627.6,135.46,74.35
209.3,276.78,120.57,246.23,36.8,907.46,651.56,315.35,66.92
258.64,172.39,0.0,248.27,0.0,998.36,769.23,22.25,16.83
463.09,140.48,98.41,270.96,14.24,930.17,693.95,171.25,74.56
450.26,247.89,144.26,294.8,16.48,850.05,705.93,170.42,53.63
,,,,,,,,45.84
229.34,282.94,140.26,174.63,2.61,1100.31,949.23,67.62,52.85
434.66,160.01,95.61,198.97,13.61,1169.84,668.23,168.89,73.05
364.47,422.79,219.22,155.67,25.28,857.69,729.76,243.59,77.57
184.37,226.66,239.16,204.39,27.43,1141.02,684.66,271.68,77.33
286.04,42.02,181.32,294.48,14.06,1000.46,888.45,335.8,70.77
180.65,379.91,94.72,228.79,5.43,852.74,807.53,95.04,77.92
557.61,330.51,140.14,160.51,24.3,1050.61,612.62,95.79,74.47
265.76,360.45,224.73,257.63,19.43,877.82,778.82,319.5,25.24
579.5,144.94,0.0,220.94,10.86,873.95,801.54,22.25,62.27
161.04,251.93,196.3,218.26,6.71,889.13,754.46,43.25,37.31
330.87,230.0,46.43,280.76,22.31,838.12,902.79,258.37,42.52
436.28,295.57,167.8,275.7,38.1,822.72,900.78,221.74,68.33
250.12,426.45,216.0,255.04,27.06,1019.2,865.42,228.69,51.09
212.64,436.82,130.48,258.21,30.07,1044.58,870.78,203.57,30.97
404.76,69.69,1.19,166.29,1.83,875.54,842.9,356.44,67.94
238.01,191.77,67.64,251.46,13.58,1034.39,900.61,133.89,58.9
558.39,282.57,155.71,235.36,29.84,1099.42,968.52,224.62,39.8
260.71,0.0,213.13,188.86,12.44,1080.51,796.31,115.25,56.09
531.74,347.8,144.46,299.93,33.25,1103.07,912.62,280.95,57.33
656.64,430.9,42.06,283.76,10.89,876.75,770.08,257.58,49.11
450.76,387.56,26.09,294.66,15.64,1144.35,723.95,128.63,56.53
382.4,98.07,94.62,264.12,17.5,998.1,744.76,30.01,50.2
231.0,389.88,35.1,178.16,24.69,925.41,627.32,59.58,70.68
388.94,259.25,0.0,189.95,17.45,873.95,902.97,43.25,62.16
246.36,198.76,60.34,236.64,13.28,1147.21,865.28,196.82,47.69
470.31,430.41,6.13,195.87,17.73,991.08,924.4,344.45,69.77
495.37,368.07,92.51,219.27,7.02,981.77,921.84,62.79,62.84
568.07,27.62,205.43,206.0,12.32,938.15,1001.26,311.71,66.89
575.35,228.47,233.32,216.67,20.61,831.85,962.99,56.03,61.19
545.87,316.54,58.31,167.88,2.01,853.71,732.95,154.68,41.56
422.35,154.69,78.06,279.36,5.04,1035.14,851.6,24.41,78.04
167.19,98.24,87.83,186.14,1.08,1002.4,879.54,343.11,67.59
337.21,141.52,110.17,219.11,10.86,892.41,788.0,43.25,49.59
365.74,133.79,232.9,195.14,29.27,1023.44,902.99,363.48,61.53
517.28,26.84,161.04,204.96,10.86,843.08,769.23,18.25,35.96
256.47,318.28,88.17,265.13,34.74,1010.54,770.89,150.78,50.46
320.39,218.29,198.79,267.85,28.22,829.93,714.11,77.53,71.72
448.94,132.65,148.25,224.12,9.79,1069.28,868.93,36.94,45.53
579.43,220.52,180.5,212.73,3.43,935.46,697.23,157.69,59.9
330.9,288.76,70.38,280.8,12.03,1098.07,864.98,103.65,83.04
262.18,65.64,148.72,189.83,11.71,1040.31,800.62,18.25,20.18
271.03,233.76,84.08,259.14,14.36,936.24,880.17,140.23,55.51
259.37,0.0,122.49,194.47,12.69,1029.54,926.97,115.25,53.47
177.47,160.89,32.64,182.57,10.92,1095.39,687.21,324.34,66.2
317.2,123.22,95.16,208.62,12.2,960.0,782.56,43.25,55.74
133.05,390.39,196.96,161.77,20.79,869.73,804.5,113.19,42.89
197.73,91.62,199.97,218.26,7.28,1038.51,894.36,244.46,38.46
402.02,10.43,141.63,205.41,7.48,1160.47,1015.0,19.28,51.48
606.1,235.87,33.65,227.89,34.75,1035.87,655.53,192.15,30.04
513.17,337.55,138.5,150.56,12.0,992.67,920.11,77.86,27.02
160.09,304.36,242.68,213.44,23.78,916.31,942.29,375.98,55.54
524.51,256.83,61.66,179.82,16.35,1145.0,630.43,143.26,64.19
242.29,161.53,0.0,234.24,0.0,1003.49,846.67,43.25,31.38
264.87,372.94,239.26,260.58,8.36,1076.91,784.54,250.24,20.84
465.86,37.61,104.25,218.01,21.32,1168.74,921.8,160.69,73.69
441.37,297.4,165.55,247.05,12.3,1037.85,811.88,154.4,36.05
615.59,93.23,20.28,185.59,3.75,933.54,752.06,278.58,60.46
548.58,199.29,151.69,164.04,38.07,1078.2,1013.83,179.57,78.16
569.97,274.85,137.91,148.87,18.25,1043.35,667.69,357.32,73.93
369.62,367.23,224.29,266.8,20.18,1154.11,897.55,250.65,64.66
386.97,34.0,19.5,238.29,38.1,1148.12,1016.38,132.16,69.45
389.0,167.4,223.58,221.48,24.38,869.45,999.45,203.59,74.76
640.53,16.1,129.96,150.99,3.81,959.37,664.17,73.85,68.47
546.23,91.43,192.9,229.18,20.56,902.78,838.76,98.54,60.94
306.71,0.0,144.33,235.34,7.08,1070.36,773.64,29.25,23.22
517.91,92.52,242.16,260.53,14.1,878.58,634.85,96.94,60.04
235.43,301.41,166.28,220.44,20.42,1078.51,936.65,101.4,71.48
271.71,147.99,223.01,165.04,12.43,1127.01,698.3,51.65,75.46
160.8,26.17,113.27,282.03,13.73,837.19,723.89,235.87,78.48
461.68,210.08,84.33,226.06,35.28,1120.32,620.32,330.1,60.27
232.3,21.08,158.76,149.53,8.43,879.55,758.91,166.48,64.61
425.78,0.0,0.0,234.24,0.0,1073.85,826.67,105.25,44.23
479.23,310.29,146.16,293.95,25.51,909.49,736.2,276.93,75.91
357.83,262.8,112.63,248.66,19.76,1088.28,931.82,340.95,71.79
541.54,81.33,118.49,243.28,34.22,879.62,837.77,142.65,68.23
140.11,89.04,210.91,250.14,25.81,1144.84,899.19,52.31,40.31
260.71,0.0,213.13,188.86,12.44,1080.51,796.31,29.25,37.78
413.58,0.0,0.0,240.34,0.0,992.82,801.03,43.25,35.88
366.65,116.62,170.74,186.15,27.1,951.74,949.34,230.38,39.18
214.62,250.11,184.97,248.02,7.25,1163.93,814.78,199.86,46.44
570.46,314.79,125.29,244.85,37.63,1092.88,698.54,352.3,64.52
313.67,50.51,192.76,215.43,31.31,1011.21,923.13,372.23,74.02
169.16,260.66,16.7,221.48,21.7,1047.44,622.97,360.04,61.7
227.36,78.82,52.97,275.93,14.01,872.23,820.5,280.24,62.36
295.81,230.16,202.63,239.13,4.55,976.06,792.26,46.22,63.9
333.2,263.96,187.39,249.38,32.72,891.21,629.71,221.95,73.71
543.55,38.55,93.42,230.94,38.73,893.17,884.31,289.55,71.18
529.5,266.95,140.85,160.75,10.93,917.5,944.12,253.05,49.99
361.12,0.0,0.0,234.24,0.0,1112.82,784.62,43.25,24.25
236.98,315.13,105.34,268.61,16.03,1020.01,700.0,345.36,61.71
365.61,22.88,80.04,162.59,19.4,986.64,911.97,333.78,38.72
386.63,432.12,52.97,154.38,16.07,852.42,768.29,327.37,64.88
544.12,29.28,96.38,197.64,14.15,991.79,730.26,22.25,42.58
258.48,262.36,131.61,164.5,11.28,1113.74,774.78,146.54,68.27
412.48,232.52,11.16,260.62,16.95,1071.45,728.78,228.49,74.51
518.5,129.69,0.0,184.71,22.69,960.0,824.31,43.25,69.22
373.71,196.33,41.4,203.48,16.91,1106.43,655.56,175.82,70.52
188.95,294.56,76.16,256.69,34.74,1151.13,677.49,223.27,63.59
237.53,0.0,122.61,207.64,9.15,1023.59,924.92,71.25,48.6
384.3,167.14,0.0,176.9,7.2,1158.97,764.1,43.25,91.56
158.47,299.98,243.71,196.92,11.64,891.24,641.67,214.39,77.85
222.04,55.14,148.84,207.64,10.0,1086.56,800.72,29.25,24.08
282.79,236.92,39.98,194.31,26.77,1098.68,892.13,68.53,69.83
239.63,176.21,43.9,153.56,34.39,865.85,736.55,175.73,78.3
530.17,399.08,214.58,256.23,4.37,1020.35,955.67,216.23,74.63
580.52,437.32,25.84,229.72,6.71,853.73,968.17,32.43,69.75
354.36,100.85,13.49,172.01,22.58,1004.56,968.57,345.4,58.74
480.18,362.45,214.17,190.37,9.35,1086.06,927.43,268.51,39.91
367.36,52.75,155.17,279.85,29.91,848.18,910.59,347.95,44.64
641.88,438.29,212.69,295.38,18.44,1029.34,905.72,77.79,63.19
220.57,298.61,32.12,291.51,10.17,957.38,814.12,88.68,56.63
452.68,289.11,131.8,167.93,38.95,1072.55,874.39,194.0,46.49
136.67,2.38,234.0,274.46,2.54,822.86,692.98,264.33,50.83
354.29,0.0,117.36,205.08,11.47,985.85,887.18,29.25,38.83
246.88,201.07,4.46,178.88,10.75,940.66,660.17,301.15,48.7
653.66,156.58,85.94,248.75,20.83,907.03,970.89,155.33,76.94
454.86,223.04,185.69,189.62,11.94,992.89,1005.31,215.76,57.1
376.81,392.48,71.89,167.74,34.53,958.93,967.2,72.75,68.49
,,,,,,,,37.7
550.51,280.36,44.99,293.71,7.11,1092.9,713.16,202.03,77.87
417.35,162.53,188.21,231.14,5.17,890.66,924.02,41.16,70.97
352.41,53.82,144.84,207.4,3.91,839.11,657.06,93.91,79.77
135.3,435.11,227.13,255.76,13.05,1146.73,1016.68,176.54,51.25
470.68,359.72,166.98,203.32,25.58,1027.8,669.98,325.78,47.96
307.2,0.0,121.88,178.24,15.13,1031.79,922.87,115.25,50.81
579.19,66.87,47.57,269.92,30.79,1066.06,689.95,257.06,60.98
244.06,334.84,22.41,261.17,14.58,1055.94,1004.72,223.02,74.9
305.24,203.5,0.0,248.27,0.0,1002.67,711.9,105.25,53.44
601.72,235.87,42.3,216.94,27.86,1111.56,628.8,106.74,64.29
211.84,347.66,35.86,168.56,22.6,1011.86,739.46,40.49,71.58
311.1,0.0,0.0,234.24,0.0,912.62,969.23,22.25,11.45
227.44,236.97,80.17,181.37,0.7,1014.48,995.5,21.76,71.8
561.79,61.7,46.22,227.43,14.71,965.49,682.5,227.48,58.89
130.23,130.88,128.1,182.38,26.7,977.47,685.09,132.09,74.53
611.37,37.37,17.7,283.54,35.67,1140.78,986.38,255.95,54.34
648.15,38.31,29.19,250.05,8.92,1117.41,920.41,236.89,51.82
400.58,142.59,19.19,266.85,2.02,1115.03,658.53,113.79,53.37
612.49,120.11,45.44,160.62,3.39,1126.03,799.03,322.99,68.95
345.99,132.29,119.7,224.15,30.18,1146.7,778.43,173.96,56.24
285.24,0.0,115.41,241.44,5.61,971.28,874.05,29.25,24.8
222.84,395.61,167.25,234.94,6.54,894.55,615.7,264.28,55.04
333.91,227.78,148.11,220.46,22.13,1006.49,654.45,379.67,31.57
383.08,0.0,137.86,207.4,12.2,948.72,803.08,43.25,43.08
322.15,343.09,206.12,263.47,2.28,1039.99,809.4,348.49,50.66
572.63,240.23,64.98,215.95,36.94,881.57,751.56,246.83,75.75
530.28,313.95,218.01,161.11,36.85,827.08,984.57,27.67,73.87
136.34,83.63,198.93,287.72,12.64,1149.18,706.45,372.05,72.1
480.54,105.1,232.44,214.76,32.37,1053.76,1012.07,133.02,78.49
391.19,28.81,135.31,259.67,37.77,892.71,921.44,84.21,53.91
221.31,0.0,203.74,206.91,9.27,1082.67,797.74,43.25,31.1
385.24,161.79,202.84,194.87,35.5,1131.76,932.53,268.72,66.96
154.35,362.52,174.27,178.63,30.86,1139.11,930.39,369.8,58.64
259.5,195.02,205.96,299.99,20.38,952.02,638.91,253.89,50.05
389.39,1.2,69.51,193.21,10.39,1094.62,759.94,309.49,78.97
413.95,8.67,87.25,261.9,31.86,1052.16,944.15,69.79,70.73
499.6,53.87,180.31,175.16,19.14,959.4,895.74,134.82,82.13
212.36,283.16,211.26,277.99,25.2,1055.75,670.26,105.72,73.78
614.55,173.98,5.1,255.84,22.91,833.22,729.71,168.71,39.2
461.04,140.44,85.68,214.16,36.43,948.05,627.45,77.42,60.18
456.85,395.11,127.4,291.15,31.35,963.64,820.44,123.54,59.55
202.64,0.0,199.23,215.33,5.49,1085.74,800.1,18.25,12.05
130.91,365.87,160.56,170.72,3.42,886.85,783.92,199.96,77.53
237.53,0.0,122.61,207.64,9.15,1023.59,924.92,18.25,13.64
325.49,104.35,98.67,286.22,1.78,1007.06,717.53,265.17,38.25
245.59,404.09,8.25,160.98,9.47,841.09,719.14,16.92,75.51
267.44,377.37,57.76,154.7,2.72,943.59,996.26,211.27,50.82
610.92,51.32,190.3,197.62,26.39,844.27,866.0,85.03,65.53
429.55,281.95,185.81,217.74,5.6,1156.25,700.48,224.68,38.38
425.78,0.0,0.0,234.24,0.0,1083.08,829.74,18.25,17.77
285.24,0.0,115.41,241.44,5.61,971.28,874.05,43.25,25.58
586.0,301.01,191.42,297.82,14.71,1034.54,859.82,281.46,63.85
280.23,0.0,144.2,238.14,7.44,1054.46,777.03,43.25,27.48
263.45,425.83,201.49,158.15,11.31,1042.59,976.5,257.61,66.03
313.33,306.97,65.38,248.08,17.99,891.92,862.2,207.01,54.51
627.35,161.5,26.27,168.8,23.43,938.03,1012.2,255.73,27.61
589.6,121.43,172.98,277.54,34.03,856.3,895.97,52.1,45.69
381.62,333.35,77.58,158.57,22.84,890.91,633.94,126.1,61.29
186.66,124.44,0.0,234.24,0.0,910.77,967.28,22.25,9.37
234.93,238.74,108.24,248.5,34.31,1129.35,706.25,59.14,67.49
548.53,116.77,206.38,268.26,5.84,834.28,695.93,370.21,72.83
389.83,40.06,18.59,222.03,14.1,1099.04,615.72,20.41,73.27
203.97,354.37,166.79,299.97,1.32,892.3,636.67,280.56,58.93
323.81,54.19,31.97,236.32,13.53,948.16,966.75,83.67,73.6
475.65,262.0,218.93,208.8,6.35,1093.65,655.35,254.29,68.98
647.39,266.27,69.42,248.13,7.37,1106.08,849.63,139.59,47.54
550.14,427.09,200.1,187.11,7.44,1049.53,825.86,296.97,75.33
261.27,140.5,127.85,255.45,5.82,1146.36,874.82,273.66,74.92
468.22,236.3,91.51,206.64,3.22,1005.35,753.91,239.69,58.45
499.09,96.79,134.17,266.89,10.33,834.3,666.6,59.37,38.01
198.8,27.09,142.36,230.98,7.48,986.65,750.21,344.73,61.32
525.79,99.28,147.0,191.1,25.22,1054.54,915.1,129.96,52.12
259.25,0.0,122.49,194.35,10.61,1033.64,926.77,18.25,15.16
625.1,215.17,193.1,174.91,3.74,983.94,990.72,227.44,72.18
212.02,382.57,60.16,160.88,23.33,992.78,763.06,108.41,74.51
535.71,54.92,23.52,151.89,8.21,1041.32,882.34,200.4,71.34
477.63,370.04,239.21,247.08,32.01,993.06,631.52,61.68,35.69
382.23,319.88,0.0,214.11,10.49,1073.74,627.49,71.25,72.69
260.47,0.0,212.52,194.22,14.27,1070.36,791.69,43.25,50.0
634.69,72.2,208.9,215.17,23.33,1078.72,982.5,95.33,55.77
314.59,204.19,200.59,212.28,16.46,943.25,860.98,187.46,54.46
658.8,0.0,0.0,211.06,0.0,1153.85,628.72,43.25,75.39
506.2,410.46,48.49,188.04,30.6,982.53,642.85,348.82,60.77
558.72,161.85,225.24,250.79,8.25,1077.91,839.37,186.29,25.54
536.8,396.62,40.09,235.35,3.29,854.65,976.44,84.65,70.69
242.2,309.24,182.3,270.57,18.93,1027.16,772.83,115.22,55.22
465.15,88.54,153.67,184.43,18.47,1039.4,807.01,213.41,66.62
306.34,101.37,10.5,281.34,2.28,1021.13,706.55,129.88,78.62
473.93,302.31,237.74,293.71,24.88,1021.02,830.31,371.21,44.32
280.6,0.0,144.33,238.51,5.61,1055.79,778.05,29.25,22.49
324.52,139.08,0.0,278.16,0.0,955.9,687.18,195.25,54.54
281.56,287.27,177.28,291.16,6.79,1003.3,854.53,169.8,59.67
307.81,0.0,120.54,178.49,17.32,1013.13,911.79,115.25,68.26
632.26,14.65,14.04,168.09,22.77,999.29,1009.47,186.19,55.78
575.84,316.86,139.37,278.67,21.43,935.62,660.51,352.65,75.35
175.48,73.56,208.62,171.16,29.63,1049.54,969.94,119.87,47.38
649.61,269.17,170.17,278.69,34.81,951.92,737.06,229.66,60.48
431.44,54.65,243.41,249.17,18.76,863.11,912.67,135.36,48.88
628.07,82.83,110.73,155.72,0.87,1019.38,688.42,76.19,68.89
476.27,329.25,198.45,230.82,20.52,1074.65,662.9,331.13,44.09
606.64,1.88,118.8,213.92,1.78,1161.44,969.33,129.78,62.15
561.11,258.24,210.89,255.85,1.9,864.51,672.45,121.04,47.61
289.96,248.03,228.4,285.52,12.74,845.09,945.24,331.02,62.79
413.12,154.16,215.75,160.18,29.79,918.92,949.3,111.24,60.54
223.89,35.64,23.57,292.71,34.69,1164.99,791.59,130.94,46.77
517.28,26.84,161.04,217.16,10.37,843.08,769.23,43.25,69.5
170.07,89.66,191.21,157.91,30.82,912.53,693.53,67.78,70.08
253.59,318.7,145.44,149.03,38.88,1103.37,777.17,103.35,56.16
266.2,66.61,151.04,171.78,14.52,1103.28,813.03,71.25,69.43
508.22,103.37,29.47,161.58,2.75,1126.59,954.1,138.94,47.94
440.81,361.58,160.71,259.64,26.63,962.87,899.69,210.87,52.39
291.17,103.45,17.95,230.3,32.02,899.08,831.81,287.97,71.53
469.49,358.91,68.87,295.46,18.63,1138.09,728.77,280.7,62.87
133.24,276.19,108.03,168.49,14.85,1131.05,955.85,316.81,70.39
472.14,24.4,114.68,191.54,17.45,962.05,866.67,22.25,41.26
372.1,0.0,122.0,239.12,12.2,983.59,723.08,43.25,33.73
291.17,267.29,201.02,234.96,2.98,1043.91,840.47,346.41,53.93
239.65,17.41,137.5,174.73,38.9,921.8,778.08,334.66,61.41
241.27,396.98,239.84,226.28,36.17,1015.89,865.44,35.07,74.32
579.61,128.69,33.61,238.74,28.07,883.0,688.2,91.47,64.81
390.98,247.15,111.67,292.3,1.56,918.02,682.11,377.21,59.01
560.09,30.52,219.93,239.62,22.32,884.24,918.92,262.04,67.2
328.46,423.46,32.62,293.53,0.48,860.09,781.65,127.57,59.79
416.73,340.89,152.92,197.86,24.15,1040.7,835.93,186.07,33.26
643.1,119.14,194.19,253.21,0.88,1038.82,856.55,84.41,52.71
463.6,0.0,0.0,278.16,0.0,955.9,687.18,195.25,59.47
600.22,137.51,124.72,256.81,17.62,1110.15,799.96,375.89,31.8
343.44,102.7,23.79,164.44,6.42,1145.02,829.43,182.69,69.74
343.61,335.1,179.25,210.67,11.99,918.14,914.11,80.53,47.92
562.98,125.25,45.81,159.47,36.23,898.11,859.39,177.11,69.1
477.42,5.16,58.09,195.86,15.44,901.24,858.02,189.83,74.35
327.23,136.58,209.04,298.38,35.58,1113.37,747.41,110.0,62.88
232.65,0.0,152.99,197.76,9.52,1117.95,824.62,43.25,29.57
607.04,47.98,157.4,259.95,10.16,824.5,652.04,349.83,42.45
533.21,298.1,15.24,190.19,3.16,1044.8,950.92,88.88,77.95
149.54,299.71,117.24,228.1,12.93,841.9,705.61,238.78,52.49
538.31,67.29,161.94,300.85,37.4,965.05,927.3,97.25,55.44
335.62,0.0,148.11,194.59,12.08,1080.62,797.44,71.25,63.67
627.94,226.96,181.06,158.34,19.22,825.19,877.45,234.27,57.59
458.18,5.53,53.62,238.29,19.57,978.26,989.48,111.87,74.94
234.79,272.09,116.25,191.76,20.94,939.56,1012.17,359.34,53.35
502.5,64.91,41.98,224.21,11.8,1096.83,781.66,374.15,75.95
425.78,0.0,0.0,234.24,0.0,1073.85,826.67,43.25,36.65
572.18,142.98,0.0,168.12,39.28,873.95,862.05,71.25,77.62
254.2,67.81,153.2,190.15,5.45,1088.03,1004.33,255.06,74.35
185.71,392.97,190.2,269.32,39.17,903.53,714.23,343.09,67.87
374.4,301.84,117.99,276.65,34.21,825.53,845.9,135.39,77.04
645.19,174.03,100.7,150.99,14.75,935.52,911.07,186.55,66.38
440.66,283.45,72.7,251.47,15.96,973.26,798.61,288.68,49.37
216.03,16.98,57.15,236.71,34.87,1032.39,650.99,368.47,31.78
385.23,373.34,232.14,216.82,15.02,1057.97,976.98,165.68,33.76
629.56,190.95,186.11,230.71,15.41,993.12,773.87,101.56,74.2
258.15,296.83,209.88,170.24,3.14,876.95,665.31,153.57,64.18
277.82,65.42,155.8,198.21,31.9,961.17,874.97,59.02,63.67
335.33,334.63,197.44,287.6,28.45,1039.79,718.7,324.34,73.98
493.73,109.37,84.3,163.02,2.75,1061.15,990.26,25.42,74.13
140.31,358.59,116.99,260.46,21.07,844.44,1004.14,220.84,46.79
400.82,149.26,89.02,288.68,3.5,867.66,908.03,84.59,51.13
,,,,,,,,40.46
365.83,203.44,198.29,189.66,33.58,1072.05,731.84,141.97,48.8
169.21,139.93,200.42,180.98,38.21,843.65,753.05,25.52,40.1
657.5,176.03,108.86,235.19,29.27,1068.02,832.44,155.04,67.93
201.3,156.77,161.16,213.62,9.88,1031.59,765.74,29.25,37.06
399.35,115.96,161.59,201.24,37.61,991.49,740.42,135.49,61.09
156.05,139.24,35.28,215.01,5.59,999.32,673.64,347.8,57.25
282.08,212.15,55.23,220.17,35.45,849.33,869.78,39.32,56.02
318.31,360.23,82.82,266.16,18.31,1098.45,832.91,293.45,72.28
,,,,,,,,74.14
224.48,104.92,231.8,259.86,7.32,946.67,638.97,43.25,25.68
354.39,34.91,37.9,180.88,24.56,854.18,889.77,290.01,70.67
509.89,214.19,233.82,203.67,24.74,876.0,773.0,161.72,61.16
436.26,101.04,176.9,193.41,34.59,964.1,820.41,17.36,74.42
643.53,361.42,152.45,203.69,30.12,1055.94,976.06,161.26,67.57
628.35,358.91,25.47,289.43,20.22,1084.64,897.34,343.39,36.76
399.29,307.61,111.81,171.18,25.17,1031.86,699.8,113.35,64.26
604.67,28.0,80.88,251.52,3.29,1000.51,732.55,209.61,60.1
283.3,137.24,187.22,178.69,13.66,1026.61,1005.37,274.79,49.66
242.29,161.53,0.0,234.24,0.0,1003.49,846.67,18.25,10.23
213.4,360.88,18.85,255.18,13.83,940.83,735.15,141.08,78.64
,,,,,,,,57.43
130.19,97.46,156.75,296.79,9.39,1158.22,830.61,166.77,72.7
554.31,45.82,78.81,295.63,25.86,942.25,672.78,177.16,43.89
502.3,337.32,218.32,180.35,36.82,837.06,898.28,295.24,69.41
191.54,261.08,185.44,244.0,10.98,840.0,722.05,43.25,37.02
347.93,145.96,133.95,269.62,23.8,1103.17,973.06,229.09,47.25
393.47,230.19,11.23,219.75,6.79,1023.59,728.46,313.03,74.72
599.02,31.72,150.06,256.2,4.76,904.62,716.92,71.25,66.74
637.71,356.98,188.16,166.28,18.99,1090.12,895.12,330.26,74.99
610.0,0.0,0.0,244.0,0.0,1153.85,628.72,105.25,52.89
193.98,254.98,196.42,245.22,8.54,869.74,686.15,43.25,34.59
362.34,0.0,0.0,226.92,0.0,1066.67,752.82,22.25,34.68
560.34,319.26,190.15,193.42,21.68,1010.32,626.06,363.25,75.31
152.07,61.81,76.39,239.66,25.07,885.09,939.76,355.35,54.0
497.34,385.18,77.72,212.84,38.1,1035.65,769.33,131.19,71.38
165.55,248.27,0.0,226.55,0.0,1103.79,778.77,22.25,8.41
290.3,305.35,11.31,169.32,23.87,994.55,694.67,378.36,67.55
165.39,424.08,222.21,249.16,24.49,886.11,820.61,245.08,20.96
360.83,315.14,177.35,211.68,1.83,1170.1,966.81,305.04,74.98
633.47,406.45,41.35,153.71,31.55,927.56,818.17,261.55,78.5
572.37,19.24,14.9,238.06,26.97,1033.79,890.16,209.53,55.36
484.34,0.0,0.0,226.55,0.0,1067.28,753.13,22.25,28.5
249.27,195.56,93.32,198.28,6.93,847.19,1001.45,304.84,44.8
284.55,344.56,161.53,235.04,12.29,1084.42,907.24,86.29,57.98
499.27,280.07,208.92,201.69,38.31,943.63,931.39,213.84,77.37
368.41,90.02,243.83,159.39,9.57,1022.45,704.09,312.76,55.39
442.37,230.58,0.0,201.18,14.15,968.92,775.18,71.25,86.58
215.27,36.62,91.51,191.36,32.2,1126.86,809.65,77.16,70.61
563.42,11.34,221.26,280.77,8.62,921.43,649.51,121.17,67.23
580.37,120.47,71.37,174.06,15.59,1051.74,722.21,219.52,67.6
517.75,376.11,100.01,206.32,19.72,883.24,764.89,189.88,42.35
163.64,281.39,182.91,151.6,21.69,836.89,702.53,76.99,59.33
653.36,64.3,54.23,226.59,23.24,843.53,840.92,88.64,51.73
446.11,407.78,96.79,223.44,25.28,1107.01,990.34,328.58,72.16
310.93,127.51,207.11,264.6,1.74,1082.01,917.5,227.58,71.1
375.56,427.45,23.19,209.14,0.35,881.29,971.34,42.7,70.66
192.81,172.32,98.99,199.11,29.64,913.96,951.43,340.43,64.61
226.68,54.15,124.28,198.77,36.37,1078.45,790.48,224.94,63.74
182.42,405.79,148.34,199.0,24.05,1158.61,950.67,29.59,72.3
351.36,234.24,0.0,234.24,0.0,955.9,736.21,43.25,43.46
319.54,267.08,44.5,246.66,6.4,907.48,868.46,36.46,55.65
484.61,308.14,121.24,226.84,6.51,932.97,895.2,160.92,77.04
189.64,414.42,159.74,260.22,8.76,885.05,775.08,278.72,63.89
339.55,262.86,152.73,291.68,1.72,846.31,932.32,144.81,52.99
596.07,179.9,180.42,290.03,15.88,905.81,623.52,252.08,60.66
450.89,201.52,175.02,170.89,34.22,1145.04,797.78,183.68,72.21
165.55,248.27,0.0,226.55,0.0,1103.79,778.77,43.25,20.38
398.84,88.45,42.72,161.13,34.85,989.86,610.49,208.56,71.73
329.47,115.56,91.8,213.42,0.55,920.78,786.18,263.74,54.0
424.86,308.47,159.75,297.03,3.19,903.92,968.58,138.88,49.19
542.27,286.95,54.98,191.68,10.81,1016.41,811.49,138.14,60.49
166.87,168.07,110.5,249.31,4.96,872.4,661.97,138.61,79.58
618.76,61.12,212.5,260.96,20.44,1072.23,928.29,212.72,38.59
388.36,63.39,165.61,279.4,24.27,935.62,719.5,156.94,44.12
147.69,359.11,13.35,264.53,28.72,945.18,826.23,246.7,41.05
448.93,195.64,40.18,276.51,14.38,837.77,858.3,262.33,70.04
271.33,0.0,117.97,230.95,5.49,991.9,892.62,29.25,27.38
193.74,290.6,0.0,226.55,0.0,1067.28,753.13,43.25,23.6
454.46,229.96,51.94,234.76,5.5,1112.09,690.49,188.85,52.08
553.34,305.8,176.08,175.66,21.56,1159.6,910.38,91.14,76.7
460.08,45.34,184.2,183.44,19.4,1142.83,849.84,191.62,48.16
222.01,220.72,203.14,181.85,21.45,974.75,670.05,146.69,70.74
207.48,285.08,221.31,297.43,36.41,970.21,920.51,151.25,60.73
278.41,224.77,230.92,255.12,13.22,867.67,625.15,137.96,73.86
579.5,0.0,0.0,278.16,0.0,955.9,609.23,105.25,47.3
210.33,16.59,210.33,191.3,5.0,1032.1,878.36,29.25,33.32
643.32,85.49,40.12,158.52,10.35,877.07,695.02,132.07,52.67
127.34,3.61,60.72,179.06,27.37,885.19,868.06,335.17,64.26
573.79,405.5,3.58,239.75,23.41,1037.76,630.84,78.05,46.21
348.34,338.51,153.99,249.09,29.54,910.65,645.07,76.43,68.19
384.54,105.42,189.04,195.58,25.71,1144.08,892.85,45.08,67.09
350.14,331.68,89.75,173.69,28.65,985.75,801.52,374.66,68.55
132.58,37.5,154.21,240.59,20.36,1026.47,749.95,246.15,64.0
226.93,256.17,210.3,226.99,10.46,1160.04,993.39,30.08,77.47
155.4,113.17,179.4,209.87,7.13,987.91,638.67,294.26,69.73
247.07,331.26,119.19,227.33,32.33,917.83,619.49,215.93,67.61
185.03,17.48,102.48,160.74,22.45,1008.83,865.32,60.47,69.82
255.73,214.91,242.96,151.25,33.3,1122.05,782.49,252.43,63.24
347.4,249.85,23.96,255.21,0.53,1140.07,795.32,294.01,41.37
226.56,217.41,103.81,245.06,30.03,972.69,687.06,36.85,54.6
303.23,311.78,71.71,175.32,38.15,994.04,675.03,236.93,72.02
165.28,410.96,88.54,224.3,17.34,896.69,931.33,83.14,69.19
330.63,204.52,41.47,196.74,2.85,1105.52,968.18,372.17,75.78
554.43,113.18,86.74,265.45,8.22,1021.39,889.84,207.58,36.69
640.5,0.0,0.0,230.58,0.0,1153.85,628.72,22.25,47.51
655.48,237.22,98.37,198.13,8.73,1123.04,965.69,178.38,63.2
596.82,89.1,22.49,283.4,37.79,833.71,723.69,266.15,73.49
325.05,156.11,107.5,224.26,5.22,1067.65,1007.45,37.51,65.57
263.92,366.53,131.68,250.31,31.31,1058.07,936.99,251.4,56.5
374.31,401.6,127.89,267.6,16.55,1049.82,838.02,121.58,68.38
430.98,238.56,165.82,219.35,6.53,1171.09,714.66,178.09,79.73
571.18,16.91,81.36,169.58,37.3,1101.59,714.27,46.97,42.06
156.77,387.04,37.44,271.88,21.41,935.48,870.47,224.84,78.17
650.46,378.99,211.66,220.47,17.52,976.5,619.08,333.64,65.17
147.79,149.3,168.22,156.86,9.31,1006.28,841.29,190.54,70.95
428.69,214.55,232.22,285.59,16.82,967.43,734.95,155.06,30.69
197.29,394.29,229.32,170.71,37.28,956.61,779.87,201.67,64.49
180.68,0.0,222.16,221.31,18.3,860.41,906.97,43.25,17.39
625.55,209.26,81.87,276.98,18.23,1122.07,917.98,270.32,68.37
428.56,182.46,33.44,295.7,6.51,1163.24,936.33,259.84,71.38
244.0,340.59,0.97,151.39,2.6,869.36,949.36,157.37,70.94
280.23,0.0,144.2,238.14,7.44,1054.46,777.03,115.25,45.76
283.72,296.96,20.06,255.83,11.04,1025.47,637.91,164.35,68.82
514.6,39.78,55.29,191.13,24.58,1163.36,901.11,376.22,74.69
175.39,248.14,39.42,167.99,4.53,1017.82,917.52,63.96,18.35
337.97,354.13,17.62,255.66,27.56,912.03,878.72,282.78,66.58
536.85,47.51,223.64,274.01,2.63,1005.05,740.38,127.48,79.97
190.03,181.35,243.88,269.07,24.18,901.75,658.04,225.52,76.45
583.15,270.79,128.25,149.89,0.96,960.7,782.05,158.52,53.97
484.48,191.63,19.91,173.93,5.8,878.86,979.73,219.9,75.0
345.36,158.72,74.64,261.92,24.28,1047.37,905.06,123.56,31.15
217.36,322.73,180.01,203.3,3.25,846.5,953.52,170.64,53.88
311.88,197.65,205.64,298.33,17.83,927.29,617.13,241.82,70.22
141.07,379.14,82.84,171.74,35.68,967.7,947.52,186.33,63.77
302.38,405.54,42.2,168.08,32.33,1137.88,675.44,131.82,69.89
558.38,145.23,13.03,194.54,22.73,839.56,837.64,377.12,57.24
431.61,116.78,58.3,202.42,10.62,1025.95,887.56,246.8,53.57
442.56,113.14,129.13,278.86,4.14,859.7,633.81,227.17,79.84
463.6,115.9,0.0,278.16,0.0,955.9,609.23,105.25,45.43
207.82,170.1,78.85,273.93,13.68,985.57,907.5,375.77,67.51
130.17,401.84,124.16,263.56,17.62,1046.77,668.78,106.74,63.12
562.66,232.45,176.03,171.4,31.86,1086.58,905.85,331.41,75.82
639.7,326.98,90.15,257.85,9.79,1119.53,932.49,81.53,64.46
627.36,126.09,211.42,175.68,2.36,1140.22,706.33,57.82,54.32
305.0,0.0,116.75,234.0,6.47,973.23,879.18,29.25,27.62
510.42,234.1,204.26,208.59,34.09,1161.82,627.26,179.71,61.11
426.87,27.75,61.69,198.99,17.73,1013.07,841.75,278.53,68.5
488.12,339.4,13.19,269.46,26.34,1172.87,812.87,253.64,66.23
237.53,0.0,122.61,202.03,9.15,1032.21,929.13,43.25,28.81
632.27,209.53,66.2,228.17,35.73,843.78,985.51,289.77,48.67
620.13,265.57,14.77,263.66,22.82,1044.41,692.87,361.28,48.51
259.67,180.56,168.33,285.53,5.66,1091.16,923.34,37.75,22.09
534.24,409.58,229.91,172.48,31.15,1170.86,730.42,292.06,29.0
395.08,159.27,163.93,171.85,4.1,890.71,765.39,377.43,71.33
298.45,120.99,129.76,186.85,19.3,1027.44,833.04,322.8,54.47
575.66,438.4,139.94,240.0,24.04,879.94,696.63,94.47,66.08
358.39,8.94,185.58,286.3,36.13,1166.92,972.09,246.13,58.4
631.93,59.58,25.63,212.05,31.11,956.25,765.35,269.56,50.88
257.76,378.63,159.58,260.5,9.18,1009.36,760.28,372.9,74.99
267.38,1.19,218.57,291.2,21.23,942.42,807.98,21.83,58.2
377.08,164.42,223.61,171.47,35.96,921.28,747.78,175.64,39.07
311.1,0.0,0.0,234.24,0.0,912.62,969.23,43.25,21.0
478.0,57.49,238.8,204.48,22.3,889.31,635.0,374.54,71.15
250.33,124.91,126.33,168.17,19.16,1034.94,1000.4,122.58,62.71
306.74,135.25,160.1,255.36,5.58,970.22,803.89,60.56,35.3
269.38,179.58,0.0,226.55,0.0,1082.05,763.38,22.25,14.66
196.31,102.78,158.8,246.06,27.2,1012.81,819.41,288.31,64.33
,,,,,,,,70.26
274.49,132.45,135.44,257.7,35.55,939.21,935.15,291.41,56.98
151.09,161.78,53.14,249.57,36.47,1085.92,666.92,271.49,29.95
291.71,230.68,85.66,217.52,19.79,1159.71,905.96,293.43,72.27
220.79,54.71,37.3,188.7,23.98,950.72,946.09,318.81,25.91
502.74,97.97,134.32,176.68,39.12,834.69,785.41,104.73,44.83
505.88,91.9,204.22,216.92,16.15,953.67,624.4,145.46,76.19
291.07,255.37,84.17,185.4,23.48,1165.78,912.58,178.22,75.13
575.09,392.31,136.13,297.0,28.5,1014.09,995.98,50.47,64.15
641.97,50.19,97.46,217.41,11.63,1127.54,826.13,180.55,74.77
617.75,76.41,78.86,192.61,31.89,1074.92,978.71,370.75,70.49
439.32,86.63,19.35,280.5,32.77,894.47,672.42,251.53,78.85
604.9,169.48,193.09,234.23,18.1,1162.63,897.81,131.6,59.49
612.64,386.44,200.32,280.04,37.8,915.13,922.69,136.41,63.18
571.96,105.45,230.87,195.23,38.81,1015.87,818.11,77.87,30.56
273.14,356.66,237.04,221.11,2.96,847.03,771.72,43.83,60.45
399.23,369.15,78.05,220.6,25.44,1141.03,743.36,343.54,64.56
429.04,310.38,221.34,215.47,3.8,863.54,744.25,213.11,75.96
442.37,230.58,0.0,201.18,14.15,968.92,775.18,106.25,88.82
621.95,159.99,48.06,285.28,38.07,1101.47,889.18,330.59,76.01
161.97,17.71,230.45,199.89,3.78,1140.78,872.62,346.96,69.38
268.37,247.36,22.23,231.72,34.76,827.6,1017.39,83.05,70.67
181.0,162.98,225.8,259.33,5.6,1143.96,930.37,144.18,33.36
412.19,266.26,195.97,208.95,26.25,1093.17,959.96,121.43,56.41
599.99,256.38,15.62,229.21,4.57,1134.04,815.75,65.82,53.54
413.58,0.0,0.0,240.34,0.0,992.82,801.03,105.25,39.39
309.44,299.53,27.07,248.9,5.39,1081.66,874.06,50.39,53.23
621.09,394.18,172.69,208.78,9.8,948.73,936.4,82.2,38.47
,,,,,,,,59.49
428.12,101.7,100.43,187.0,31.15,991.93,865.79,270.53,67.57
427.0,0.0,0.0,247.66,0.0,998.97,794.87,43.25,30.62
312.77,134.2,150.06,260.3,17.02,1139.11,976.01,151.03,44.12
460.51,75.78,192.45,263.06,15.5,1089.61,699.14,150.83,64.49
405.85,186.07,205.05,231.33,0.67,1000.06,790.26,271.24,74.25
451.9,382.91,133.18,299.7,16.34,1035.54,801.1,212.95,68.88
460.4,0.24,188.49,280.31,2.03,860.94,637.73,67.34,61.25
624.38,19.69,157.15,217.17,3.15,835.57,662.21,289.71,56.39
246.36,209.38,70.7,282.58,5.67,1087.41,974.44,18.61,71.19
385.51,1.88,157.1,253.17,9.61,1158.19,798.37,138.45,63.54
423.0,426.52,122.67,184.99,21.33,887.16,960.94,135.29,24.79
241.69,222.46,193.91,183.23,16.14,878.79,944.27,379.24,62.92
566.05,343.86,175.15,205.43,16.03,841.69,751.21,58.66,54.67
613.63,269.81,239.28,246.32,30.05,930.73,681.35,362.3,57.61
653.17,129.29,214.36,255.71,6.94,1076.24,962.38,187.53,57.14
479.46,0.0,0.0,234.24,0.0,964.72,805.74,105.25,54.71
210.33,16.59,210.33,191.3,5.0,1032.1,878.36,18.25,23.84
611.38,56.25,33.8,150.39,4.53,999.88,680.35,374.7,56.59
236.73,139.27,33.5,266.23,12.91,1052.69,685.74,235.46,67.28
359.38,227.65,4.13,299.28,4.78,896.95,863.01,264.88,64.21
338.06,0.0,118.83,195.93,14.4,998.87,898.05,71.25,57.16
285.56,216.92,17.23,210.36,15.19,1031.25,876.11,120.3,59.24
202.04,263.67,100.93,253.2,12.89,888.54,985.37,90.43,41.22
153.24,289.37,135.12,186.79,21.61,994.58,999.61,360.5,66.29
165.24,406.52,92.76,231.29,7.43,870.43,741.64,290.57,61.71
426.22,280.03,36.52,295.37,11.52,835.62,1014.04,232.32,64.32
174.32,350.26,102.34,299.18,7.1,825.57,851.21,180.92,55.73
618.63,5.4,93.92,220.15,1.36,1097.35,743.53,176.98,74.07
319.39,373.2,167.13,167.24,26.05,1169.89,956.76,227.38,68.15
339.13,148.33,113.45,214.63,21.05,1171.71,805.54,225.83,71.64
124.47,16.45,160.13,198.82,36.1,951.17,620.39,308.84,63.71
297.48,32.17,46.11,207.64,36.15,1147.5,886.63,105.14,43.78
651.15,266.93,20.22,232.96,30.87,915.05,962.34,188.72,63.74
483.22,347.09,181.47,211.95,32.05,991.36,710.52,29.94,66.12
327.73,98.61,241.73,177.4,27.09,1164.05,761.92,100.89,47.96
544.12,29.28,96.38,197.64,14.15,991.79,730.26,18.25,26.15
403.82,0.0,0.0,234.24,0.0,1003.08,846.15,18.25,15.14
510.42,52.73,14.93,151.13,20.84,895.21,650.56,108.01,61.3
165.92,239.12,119.56,242.78,7.32,868.72,803.08,43.25,30.21
405.88,429.26,226.09,292.28,14.21,1072.87,897.95,168.49,51.33
418.03,398.02,62.68,290.06,24.74,847.45,686.74,32.52,71.88
651.61,1.54,36.78,275.32,34.39,1007.0,722.26,246.41,52.29
215.27,168.79,236.65,215.96,21.09,1078.17,748.96,357.77,33.3
455.54,118.6,55.54,228.03,7.0,871.95,643.27,115.07,51.06
445.44,232.76,52.17,182.17,36.6,1150.42,688.27,251.32,80.86
181.49,322.17,234.1,177.84,20.52,1043.39,943.57,349.11,48.94
193.98,228.14,0.0,214.72,13.42,1015.38,809.23,43.25,36.69
192.26,37.7,109.28,149.77,4.34,852.0,612.93,293.36,55.6
438.95,392.63,118.51,149.75,31.82,1159.47,713.13,259.1,55.62
397.72,202.52,0.0,212.28,10.98,904.62,810.26,43.25,68.58
253.41,126.15,90.33,243.83,12.23,1030.1,621.21,348.29,53.47
242.8,135.03,232.04,298.74,21.97,879.22,679.21,81.83,55.16
298.82,290.01,101.76,273.96,34.68,1004.5,999.08,114.73,28.54
181.81,147.76,159.5,261.23,23.8,1077.33,610.09,142.2,48.48
517.97,272.44,210.1,197.59,19.64,1144.72,709.57,316.4,11.58
,,,,,,,,33.93
408.36,30.32,154.33,191.8,2.52,931.29,655.28,225.3,60.83
435.49,74.65,133.68,170.18,31.5,1015.66,765.48,115.33,54.86
339.73,293.19,218.0,225.77,28.53,956.32,765.74,64.04,60.31
461.23,386.81,184.18,174.81,39.2,855.18,656.92,189.3,60.82
455.43,206.72,139.33,160.34,31.81,1020.98,691.06,179.53,50.66
268.69,414.95,22.97,234.66,25.62,874.12,623.74,28.07,42.16
244.0,244.0,0.0,231.8,0.0,1174.36,676.92,43.25,55.16
402.74,324.04,240.29,270.21,37.64,856.32,629.14,279.38,47.86
530.65,82.15,15.09,255.6,17.72,996.83,868.99,20.12,59.83
251.79,160.34,219.92,244.78,19.65,901.42,740.75,38.52,42.92
462.68,135.17,82.3,265.3,37.23,1129.54,944.7,317.15,74.3
427.0,0.0,0.0,226.92,0.0,1076.92,789.74,43.25,38.4
481.38,39.84,131.24,183.24,20.58,1014.97,804.4,299.61,60.68
332.77,366.85,220.95,285.8,25.33,1151.81,972.87,190.52,67.03
535.22,235.17,64.67,208.19,22.4,887.13,660.21,56.14,74.68
224.36,149.57,0.0,248.27,0.0,983.79,820.51,22.25,12.08
258.46,302.24,68.63,251.15,8.74,1084.63,624.0,21.3,72.84
446.32,29.95,199.86,172.79,30.65,1059.18,980.61,81.01,45.2
255.42,87.36,7.0,269.87,13.18,982.36,763.96,27.84,41.24
259.48,414.64,233.93,297.65,9.45,865.83,655.28,346.01,51.47
194.89,150.96,51.58,290.79,27.22,1104.57,957.05,190.91,65.77
438.51,273.44,62.48,259.19,16.64,908.57,927.93,99.51,59.46
619.44,165.87,179.43,172.93,12.15,1082.82,985.68,147.02,62.58
394.91,345.02,0.0,224.24,12.57,966.87,676.82,18.25,31.7
164.2,13.69,82.24,245.46,38.45,844.27,678.56,176.61,50.22
208.55,365.9,206.02,289.05,7.63,1028.03,911.9,264.02,31.99
355.89,321.18,37.02,241.45,7.24,863.92,966.81,256.44,71.21
401.83,321.21,195.34,166.34,27.43,1014.1,730.66,89.29,65.54
440.01,141.65,2.16,298.65,21.34,1090.8,866.76,335.18,66.14
499.19,42.35,202.76,150.02,26.92,1082.41,959.88,97.71,61.88
,,,,,,,,72.87
188.78,162.3,142.65,163.66,15.98,1003.82,1002.47,357.91,50.61
349.87,291.45,77.82,188.26,25.82,925.1,1005.31,104.2,54.24
358.29,22.7,17.99,208.58,34.91,1081.07,792.44,302.76,56.57
445.25,275.59,178.86,191.77,18.07,865.15,833.1,374.63,58.21
560.23,266.56,167.14,175.49,10.63,1165.87,894.53,360.96,58.96
